1183   20
1.0d0 1.0d0 3.0d0 4.0d0 12.0d0 14.0d0 16.0d0 20.0d0 24.0d0 28.0d0 32.0d0 36.0d0 40.0d0 44.0d0 48.0d0 56.0d0 52.0d0 54.0d0 56.0d0 56.0d0
0.0d0 1.0d0 2.0d0 2.0d0 6.0d0 7.0d0 8.0d0 10.0d0 12.0d0 14.0d0 16.0d0 18.0d0 20.0d0 22.0d0 24.0d0 24.0d0 26.0d0 26.0d0 26.0d0 28.0d0
   8.547418e+26   4.807073e+05   4.055052e-03   7.068894e-06   3.000022e-30   7.582158e-03   6.649272e-07   7.020170e-33   2.194735e-07   1.879071e-09   1.316839e-08   2.049293e-07   3.313394e-08   4.120722e-09   7.251685e-10   2.140438e-11   1.636104e-11   7.232027e-04   1.254772e-11   4.113324e-05   9.875902e-01   5.358225e-12
   1.709485e+27   6.056586e+05   4.054808e-03   7.069217e-06   3.000022e-30   7.582300e-03   6.649346e-07   7.020331e-33   2.194792e-07   1.879098e-09   1.316896e-08   2.049452e-07   3.313693e-08   4.121129e-09   7.252501e-10   2.140662e-11   1.636302e-11   7.231329e-04   1.254943e-11   4.113643e-05   9.875904e-01   5.359052e-12
   3.418971e+27   7.630933e+05   4.054520e-03   7.069606e-06   3.000022e-30   7.582472e-03   6.649438e-07   7.020526e-33   2.194860e-07   1.879132e-09   1.316966e-08   2.049643e-07   3.314051e-08   4.121617e-09   7.253477e-10   2.140929e-11   1.636538e-11   7.230497e-04   1.255148e-11   4.114025e-05   9.875906e-01   5.360039e-12
   6.837939e+27   9.614600e+05   4.054063e-03   7.070223e-06   3.000022e-30   7.582746e-03   6.649586e-07   7.020836e-33   2.194970e-07   1.879186e-09   1.317076e-08   2.049946e-07   3.314620e-08   4.122391e-09   7.255027e-10   2.141354e-11   1.636912e-11   7.229180e-04   1.255472e-11   4.114631e-05   9.875909e-01   5.361606e-12
   1.367587e+28   1.211410e+06   4.053340e-03   7.071203e-06   3.000022e-30   7.583183e-03   6.649822e-07   7.021324e-33   2.195144e-07   1.879273e-09   1.317252e-08   2.050427e-07   3.315523e-08   4.123620e-09   7.257487e-10   2.142029e-11   1.637507e-11   7.227079e-04   1.255987e-11   4.115591e-05   9.875914e-01   5.364092e-12
   2.735175e+28   1.526373e+06   4.052201e-03   7.072765e-06   3.000022e-30   7.583883e-03   6.650204e-07   7.022086e-33   2.195422e-07   1.879413e-09   1.317532e-08   2.051192e-07   3.316956e-08   4.125570e-09   7.261389e-10   2.143099e-11   1.638450e-11   7.223734e-04   1.256803e-11   4.117113e-05   9.875922e-01   5.368031e-12
   5.470349e+28   1.923293e+06   4.050379e-03   7.075236e-06   3.000022e-30   7.584983e-03   6.650796e-07   7.023300e-33   2.195860e-07   1.879631e-09   1.317975e-08   2.052405e-07   3.319233e-08   4.128669e-09   7.267595e-10   2.144800e-11   1.639951e-11   7.218454e-04   1.258103e-11   4.119536e-05   9.875934e-01   5.374306e-12
   1.094070e+29   2.423567e+06   4.047487e-03   7.079160e-06   3.000022e-30   7.586728e-03   6.651735e-07   1.400000e-29   2.196554e-07   1.879976e-09   1.318677e-08   2.054332e-07   3.322849e-08   4.133593e-09   7.277455e-10   2.147502e-11   1.642335e-11   7.210080e-04   1.260168e-11   4.123384e-05   9.875953e-01   5.384281e-12
   2.188139e+29   3.054242e+06   4.042969e-03   7.085430e-06   3.000022e-30   7.589556e-03   6.653295e-07   7.028070e-33   2.197677e-07   1.880544e-09   1.319802e-08   2.057398e-07   3.328595e-08   4.141410e-09   7.293095e-10   2.151789e-11   1.646114e-11   7.196796e-04   1.263438e-11   4.129470e-05   9.875983e-01   5.400070e-12
   4.376279e+29   3.849582e+06   4.035748e-03   7.095359e-06   3.000022e-30   7.593998e-03   6.655706e-07   7.032509e-33   2.199441e-07   1.881426e-09   1.321580e-08   2.062269e-07   3.337735e-08   4.153854e-09   7.318015e-10   2.158616e-11   1.652138e-11   7.175908e-04   1.268657e-11   4.139173e-05   9.876030e-01   5.425288e-12
   7.255723e+29   4.558091e+06   4.026259e-03   7.107149e-06   3.000022e-30   7.598871e-03   6.657919e-07   7.038336e-33   2.201392e-07   1.882274e-09   1.323660e-08   2.068212e-07   3.348971e-08   4.169218e-09   7.348973e-10   2.167076e-11   1.659657e-11   7.150118e-04   1.275208e-11   4.151371e-05   9.876101e-01   5.457109e-12
   1.013517e+30   5.097060e+06   4.017768e-03   7.118816e-06   3.000022e-30   7.604062e-03   6.660681e-07   1.400000e-29   2.203445e-07   1.883284e-09   1.325742e-08   2.073957e-07   3.359765e-08   4.183923e-09   7.378465e-10   2.175144e-11   1.666789e-11   7.126274e-04   1.281397e-11   4.162839e-05   9.876156e-01   5.487070e-12
   1.589406e+30   5.925508e+06   4.006564e-03   7.134618e-06   3.000022e-30   7.611190e-03   6.664579e-07   7.048201e-33   2.206258e-07   1.884699e-09   1.328568e-08   2.081705e-07   3.374310e-08   4.203730e-09   7.418164e-10   2.186003e-11   1.676384e-11   7.093261e-04   1.289720e-11   4.178213e-05   9.876229e-01   5.527353e-12
   2.741183e+30   7.113612e+06   3.986985e-03   7.161679e-06   3.000021e-30   7.623166e-03   6.670859e-07   7.055931e-33   2.210982e-07   1.886997e-09   1.333385e-08   2.095085e-07   3.399492e-08   4.238073e-09   7.487158e-10   2.204849e-11   1.693082e-11   7.036732e-04   1.304239e-11   4.204962e-05   9.876358e-01   5.597795e-12
   5.044739e+30   8.732942e+06   3.954529e-03   7.206991e-06   3.000021e-30   7.643179e-03   6.681230e-07   7.061831e-33   2.218840e-07   1.890783e-09   1.341426e-08   2.117559e-07   3.441850e-08   4.295886e-09   7.603490e-10   2.236572e-11   1.721247e-11   6.942925e-04   1.328777e-11   4.249908e-05   9.876571e-01   5.717107e-12
   9.651850e+30   1.087284e+07   3.901443e-03   7.281017e-06   3.000021e-30   7.675360e-03   6.697130e-07   1.400000e-29   2.231394e-07   1.896602e-09   1.354468e-08   2.154625e-07   3.511957e-08   4.391770e-09   7.797122e-10   2.289209e-11   1.768192e-11   6.793199e-04   1.369843e-11   4.324458e-05   9.876922e-01   5.917671e-12
   1.886607e+31   1.365865e+07   3.816583e-03   7.400980e-06   3.000021e-30   7.726759e-03   6.721067e-07   5.856797e-33   2.251185e-07   1.905343e-09   1.375388e-08   2.215393e-07   3.627439e-08   4.550134e-09   8.118534e-10   2.376150e-11   1.846232e-11   6.554206e-04   1.438515e-11   4.447281e-05   9.877482e-01   6.255267e-12
   3.459472e+31   1.682758e+07   3.695335e-03   7.574954e-06   3.000020e-30   7.799385e-03   6.751196e-07   5.987321e-33   2.278521e-07   1.916316e-09   1.405192e-08   2.305195e-07   3.799386e-08   4.786925e-09   8.602948e-10   2.506140e-11   1.964113e-11   6.218456e-04   1.543218e-11   4.630494e-05   9.878284e-01   6.775321e-12
   6.360577e+31   2.082310e+07   3.520892e-03   7.832275e-06   3.000019e-30   7.903218e-03   6.786506e-07   7.551069e-33   2.316086e-07   1.929053e-09   1.448080e-08   2.441506e-07   4.063187e-08   5.152341e-09   9.359042e-10   2.706592e-11   2.148607e-11   5.747508e-04   1.709324e-11   4.912149e-05   9.879430e-01   7.612853e-12
   1.118042e+32   2.548634e+07   3.279468e-03   8.193978e-06   3.000019e-30   8.039454e-03   6.811906e-07   1.503219e-33   2.361587e-07   1.938052e-09   1.505319e-08   2.641586e-07   4.457137e-08   5.703066e-09   1.051923e-09   3.008167e-11   2.432811e-11   5.124894e-04   1.970713e-11   5.336933e-05   9.881058e-01   8.961955e-12
   1.878675e+32   3.088711e+07   2.963163e-03   8.663286e-06   3.000017e-30   8.194448e-03   6.789501e-07   9.227165e-33   2.403952e-07   1.929721e-09   1.572388e-08   2.919571e-07   5.019224e-08   6.499487e-09   1.224325e-09   3.442231e-11   2.857036e-11   4.371265e-04   2.373684e-11   5.958040e-05   9.883357e-01   1.111590e-11
   2.400420e+32   3.391399e+07   2.697632e-03   9.038259e-06   3.000017e-30   8.294272e-03   6.707803e-07   6.413731e-34   2.418448e-07   1.900326e-09   1.617233e-08   3.161724e-07   5.524996e-08   7.227133e-09   1.387007e-09   3.835106e-11   3.258449e-11   3.775664e-04   2.769905e-11   6.540098e-05   9.885548e-01   1.332221e-11
   3.347462e+32   3.866776e+07   2.444605e-03   9.442272e-06   3.000014e-30   8.405356e-03   6.602776e-07   5.609934e-34   2.425551e-07   1.861082e-09   1.659289e-08   3.428700e-07   6.092463e-08   8.048768e-09   1.574616e-09   4.270221e-11   3.717776e-11   3.217213e-04   3.236821e-11   7.195615e-05   9.887456e-01   1.600978e-11
   4.135695e+32   4.216118e+07   2.176267e-03   9.782491e-06   3.000015e-30   8.451176e-03   6.382655e-07   8.915012e-33   2.391688e-07   1.782743e-09   1.675920e-08   3.690229e-07   6.677079e-08   8.912404e-09   1.781062e-09   4.716598e-11   4.221793e-11   2.688209e-04   3.777366e-11   7.937199e-05   9.890132e-01   1.929397e-11
   4.636001e+32   4.423212e+07   2.001687e-03   9.979219e-06   3.000015e-30   8.458859e-03   6.188650e-07   9.410225e-33   2.350444e-07   1.714445e-09   1.673993e-08   3.858364e-07   7.067862e-08   9.496767e-09   1.925910e-09   5.007889e-11   4.570825e-11   2.358476e-04   4.169240e-11   8.468297e-05   9.892076e-01   2.178729e-11
   5.512539e+32   4.766877e+07   1.864102e-03   1.025981e-05   3.000015e-30   8.540111e-03   6.059836e-07   3.099598e-33   2.330926e-07   1.666031e-09   1.685539e-08   4.054694e-07   7.509093e-08   1.014433e-08   2.083889e-09   5.319903e-11   4.939961e-11   2.055672e-04   4.582785e-11   9.009183e-05   9.892885e-01   2.443533e-11
   6.279814e+32   5.052445e+07   1.672074e-03   1.036554e-05   3.000015e-30   8.473391e-03   5.722382e-07   2.362165e-33   2.235349e-07   1.550875e-09   1.646541e-08   4.200383e-07   7.890279e-08   1.073187e-08   2.243530e-09   5.580436e-11   5.308889e-11   1.743240e-04   5.045084e-11   9.650839e-05   9.895720e-01   2.768663e-11
   7.237423e+32   5.395059e+07   1.516194e-03   1.051282e-05   3.000015e-30   8.457375e-03   5.429606e-07   7.599166e-33   2.151765e-07   1.450368e-09   1.612376e-08   4.350779e-07   8.276602e-08   1.131731e-08   2.403131e-09   5.819845e-11   5.659810e-11   1.465922e-04   5.497318e-11   1.028057e-04   9.897652e-01   3.097255e-11
   7.939812e+32   5.639131e+07   1.358199e-03   1.045631e-05   3.000015e-30   8.318224e-03   5.025759e-07   6.916827e-33   2.018998e-07   1.317975e-09   1.537423e-08   4.400610e-07   8.483758e-08   1.166019e-08   2.514098e-09   5.909179e-11   5.877111e-11   1.238074e-04   5.844819e-11   1.085251e-04   9.900795e-01   3.393751e-11
   8.902848e+32   5.967415e+07   1.244470e-03   1.051809e-05   3.000015e-30   8.285177e-03   4.735042e-07   5.960286e-33   1.925130e-07   1.221805e-09   1.486694e-08   4.480999e-07   8.734650e-08   1.204657e-08   2.628856e-09   6.007035e-11   6.083583e-11   1.043541e-04   6.168323e-11   1.138925e-04   9.902404e-01   3.673518e-11
   9.570724e+32   6.191986e+07   1.117802e-03   1.033593e-05   3.000016e-30   8.101998e-03   4.318263e-07   5.415165e-33   1.776733e-07   1.091073e-09   1.391420e-08   4.444250e-07   8.764261e-08   1.212620e-08   2.681412e-09   5.931228e-11   6.132053e-11   8.788592e-05   6.357626e-11   1.185072e-04   9.905623e-01   3.898737e-11
   1.013879e+33   6.381918e+07   1.055543e-03   1.036864e-05   3.000016e-30   8.090330e-03   4.128743e-07   4.810765e-33   1.712138e-07   1.030600e-09   1.353236e-08   4.480338e-07   8.894917e-08   1.232300e-08   2.745045e-09   5.944242e-11   6.217835e-11   7.704871e-05   6.528292e-11   1.219461e-04   9.906436e-01   4.071062e-11
   1.116729e+33   6.725029e+07   9.563233e-04   1.016488e-05   3.000017e-30   7.923149e-03   3.754709e-07   3.892810e-33   1.573754e-07   9.171951e-10   1.259448e-08   4.408196e-07   8.837220e-08   1.226109e-08   2.762035e-09   5.783769e-11   6.163188e-11   6.470957e-05   6.602913e-11   1.256660e-04   9.909189e-01   4.229821e-11
   1.175219e+33   6.920296e+07   8.697065e-04   9.966519e-06   3.000017e-30   7.767961e-03   3.414478e-07   2.100126e-33   1.446126e-07   8.168654e-10   1.171771e-08   4.330355e-07   8.760253e-08   1.216604e-08   2.769525e-09   5.608889e-11   6.083753e-11   5.389616e-05   6.645327e-11   1.291406e-04   9.911683e-01   4.368559e-11
   1.279937e+33   7.272288e+07   7.869395e-04   9.760088e-06   3.000018e-30   7.606829e-03   3.083802e-07   1.989220e-33   1.320844e-07   7.225845e-10   1.085379e-08   4.247512e-07   8.674519e-08   1.205890e-08   2.775438e-09   5.427050e-11   5.997395e-11   4.459350e-05   6.686202e-11   1.328762e-04   9.914180e-01   4.516551e-11
   1.348838e+33   7.506274e+07   7.030944e-04   9.633727e-06   3.000018e-30   7.460393e-03   2.784320e-07   1.182142e-33   1.210087e-07   6.421239e-10   1.014938e-08   4.229191e-07   8.743366e-08   1.219488e-08   2.845721e-09   5.375050e-11   6.071770e-11   3.613650e-05   6.932521e-11   1.389977e-04   9.916508e-01   4.829803e-11
   1.380994e+33   7.616314e+07   6.422212e-04   9.504731e-06   3.000019e-30   7.302835e-03   2.579106e-07   1.522529e-33   1.134211e-07   5.907177e-10   9.687638e-09   4.223166e-07   8.822721e-08   1.236084e-08   2.918624e-09   5.396711e-11   6.204794e-11   3.185414e-05   7.220936e-11   1.445248e-04   9.918682e-01   5.152777e-11
   1.433823e+33   7.798753e+07   6.105144e-04   9.947980e-06   3.000017e-30   7.442698e-03   2.596838e-07   6.829885e-34   1.157778e-07   6.020279e-10   1.012444e-08   4.542987e-07   9.600699e-08   1.356274e-08   3.239780e-09   5.961184e-11   6.950277e-11   2.864460e-05   8.206201e-11   1.554740e-04   9.917518e-01   5.953771e-11
   1.482180e+33   7.967622e+07   5.411202e-04   1.046337e-05   3.000018e-30   7.468192e-03   2.547071e-07   3.223414e-33   1.164970e-07   6.047149e-10   1.066120e-08   5.051720e-07   1.092643e-07   1.571224e-08   3.845094e-09   7.036518e-11   8.447911e-11   2.512117e-05   1.028362e-10   1.769712e-04   9.917771e-01   7.724698e-11
   1.510699e+33   8.068048e+07   4.476807e-04   1.116050e-05   3.000018e-30   7.379838e-03   2.487951e-07   1.400000e-29   1.182951e-07   6.186304e-10   1.163248e-08   5.930904e-07   1.331171e-07   1.974480e-08   5.022863e-09   9.233770e-11   1.159987e-10   2.262657e-05   1.480076e-10   2.165071e-04   9.919211e-01   1.171344e-10
   1.539218e+33   8.169384e+07   4.086438e-04   1.309632e-05   3.000015e-30   7.861596e-03   2.817537e-07   5.997070e-33   1.389002e-07   7.507633e-10   1.463588e-08   7.738165e-07   1.795341e-07   2.750366e-08   7.227721e-09   1.368532e-10   1.775573e-10   2.096491e-05   2.339308e-10   2.725263e-04   9.914217e-01   1.911671e-10
   1.576496e+33   8.302840e+07   2.611976e-04   1.729364e-05   3.000013e-30   8.046051e-03   3.163969e-07   8.939232e-33   1.740967e-07   1.008412e-09   2.264424e-08   1.395104e-06   3.600127e-07   6.088485e-08   1.784408e-08   3.606955e-10   5.266089e-10   1.910624e-05   7.826769e-10   5.111512e-04   9.911428e-01   7.263918e-10
   1.613774e+33   8.438024e+07   1.669361e-04   2.914978e-05   3.000009e-30   9.351874e-03   4.617051e-07   8.163597e-33   2.934814e-07   1.935591e-09   5.038762e-08   3.608953e-06   1.067638e-06   2.064493e-07   6.935727e-08   1.586218e-09   2.659413e-09   1.718773e-05   4.540551e-09   1.239001e-03   9.891901e-01   4.848218e-09
   1.658978e+33   8.603661e+07   4.988500e-05   7.760499e-05   3.000004e-30   1.108607e-02   8.181640e-07   1.400000e-29   7.256434e-07   6.215127e-09   2.356711e-07   2.505474e-05   1.020003e-05   2.682141e-06   1.245795e-06   3.671431e-08   8.638137e-08   1.519962e-05   2.078423e-07   8.694364e-03   9.800353e-01   3.161689e-07
   1.695067e+33   8.737653e+07   2.576233e-05   1.297361e-04   3.000003e-30   1.208514e-02   1.070722e-06   8.420659e-33   1.135566e-06   1.107563e-08   5.179278e-07   6.877238e-05   3.319527e-05   1.026353e-05   5.667615e-06   1.892517e-07   5.346113e-07   1.333923e-05   1.548625e-06   2.420470e-02   9.634156e-01   2.856442e-06
   1.754877e+33   8.963760e+07   1.648603e-05   1.778504e-04   3.000002e-30   1.266289e-02   1.223028e-06   1.084673e-29   1.453826e-06   1.522102e-08   8.231848e-07   1.278899e-04   6.880665e-05   2.352742e-05   1.451263e-05   5.177302e-07   1.648148e-06   1.145763e-05   5.393018e-06   4.582914e-02   9.410451e-01   1.130841e-05
   1.780256e+33   9.061180e+07   1.039158e-05   2.240704e-04   3.000002e-30   1.261726e-02   1.273919e-06   1.400000e-29   1.677666e-06   1.847923e-08   1.155566e-06   2.107008e-04   1.251985e-04   4.683179e-05   3.200824e-05   1.196912e-06   4.271353e-06   9.970850e-06   1.571941e-05   7.941082e-02   9.072501e-01   3.737416e-05
   1.805635e+33   9.159670e+07   9.125362e-06   2.409031e-04   3.000002e-30   1.269471e-02   1.287872e-06   0.000000e+00   1.745580e-06   1.943298e-08   1.270159e-06   2.433161e-04   1.486026e-04   5.693003e-05   4.002551e-05   1.509229e-06   5.561656e-06   9.331936e-06   2.115754e-05   9.254031e-02   8.939321e-01   5.214003e-05
   1.840436e+33   9.297805e+07   2.040000e-05   1.901531e-04   3.000002e-30   1.430022e-02   1.342063e-06   4.117844e-31   1.550794e-06   1.582957e-08   8.280534e-07   1.240900e-04   6.455881e-05   2.132528e-05   1.267596e-05   4.367601e-07   1.334631e-06   9.374803e-06   4.184844e-06   4.036055e-02   9.448786e-01   8.391799e-06
   1.873018e+33   9.431217e+07   3.610077e-04   2.241466e-05   3.000009e-30   1.090662e-02   3.891271e-07   1.824890e-33   2.090766e-07   1.147439e-09   2.553247e-08   1.563458e-06   3.871653e-07   6.225065e-08   1.738629e-08   3.241243e-10   4.498842e-10   1.125943e-05   6.341801e-10   4.671138e-04   9.882289e-01   5.585107e-10
   1.889309e+33   9.498820e+07   3.740080e-04   2.298729e-05   3.000008e-30   1.123723e-02   3.981559e-07   1.501330e-33   2.132980e-07   1.165520e-09   2.586456e-08   1.579370e-06   3.893811e-07   6.229510e-08   1.731034e-08   3.205851e-10   4.425039e-10   1.122619e-05   6.201459e-10   4.621466e-04   9.878897e-01   5.428861e-10
   1.905600e+33   9.566966e+07   3.670363e-04   2.305133e-05   3.000008e-30   1.124342e-02   3.917695e-07   1.366116e-33   2.105077e-07   1.144065e-09   2.564369e-08   1.585241e-06   3.917232e-07   6.270467e-08   1.746836e-08   3.213234e-10   4.453571e-10   1.120311e-05   6.269637e-10   4.671656e-04   9.878854e-01   5.520288e-10
   1.929398e+33   9.667314e+07   1.787580e-04   4.322669e-05   3.000005e-30   1.272496e-02   5.864814e-07   3.548848e-33   3.857182e-07   2.479039e-09   6.950543e-08   5.424926e-06   1.629836e-06   3.153127e-07   1.070394e-07   2.316618e-09   3.941724e-09   9.945980e-06   6.826546e-09   1.571560e-03   9.854630e-01   7.433985e-09
   1.953196e+33   9.768894e+07   9.820235e-05   7.808873e-05   3.000003e-30   1.464337e-02   8.731828e-07   1.291696e-32   6.866855e-07   5.146439e-09   1.745302e-07   1.657619e-05   5.908105e-06   1.350395e-06   5.444768e-07   1.367093e-08   2.775552e-08   9.090116e-06   5.742784e-08   4.609573e-03   9.805354e-01   7.496810e-08
   2.012608e+33   1.002725e+08   3.543138e-05   1.695274e-04   3.000002e-30   1.650928e-02   1.321741e-06   1.038142e-33   1.364725e-06   1.251384e-08   5.838421e-07   7.774784e-05   3.598343e-05   1.055213e-05   5.549329e-06   1.693349e-07   4.551765e-07   7.948927e-06   1.252195e-06   2.221774e-02   9.609229e-01   2.196688e-06
   2.056027e+33   1.022097e+08   1.747601e-05   2.684352e-04   3.000001e-30   1.732341e-02   1.583173e-06   0.000000e+00   1.946212e-06   1.989484e-08   1.161561e-06   1.971462e-04   1.078852e-04   3.696821e-05   2.307759e-05   7.805219e-07   2.526317e-06   6.621493e-06   8.402122e-06   5.876390e-02   9.232207e-01   1.799840e-05
   2.079586e+33   1.032797e+08   1.239914e-05   3.213055e-04   3.000001e-30   1.736951e-02   1.637419e-06   8.283055e-31   2.172779e-06   2.304917e-08   1.501267e-06   2.875111e-04   1.693988e-04   6.203897e-05   4.179582e-05   1.462002e-06   5.152473e-06   5.852383e-06   1.870532e-05   8.847356e-02   8.931820e-01   4.400547e-05
   2.129935e+33   1.056148e+08   8.945540e-06   3.693098e-04   3.000000e-30   1.714843e-02   1.626107e-06   3.590494e-31   2.306323e-06   2.505771e-08   1.811332e-06   3.900005e-04   2.451688e-04   9.500610e-05   6.845764e-05   2.443623e-06   9.297598e-06   5.095809e-06   3.656070e-05   1.247380e-01   8.567837e-01   9.384788e-05
   2.156725e+33   1.068851e+08   6.639085e-06   4.089610e-04   3.000001e-30   1.674232e-02   1.565679e-06   0.000000e+00   2.348186e-06   2.584021e-08   2.054361e-06   4.933055e-04   3.275844e-04   1.329088e-04   1.013853e-04   3.652128e-06   1.483685e-05   4.385215e-06   6.257412e-05   1.645126e-01   8.170091e-01   1.737962e-04
   2.186746e+33   1.083334e+08   5.399340e-06   4.320017e-04   3.000001e-30   1.633806e-02   1.495954e-06   0.000000e+00   2.325522e-06   2.568327e-08   2.180947e-06   5.652850e-04   3.888771e-04   1.623573e-04   1.285112e-04   4.633231e-06   1.965852e-05   3.917951e-06   8.688607e-05   1.948729e-01   7.867309e-01   2.545655e-04
   2.200748e+33   1.090180e+08   4.633358e-06   4.464600e-04   3.000001e-30   1.598476e-02   1.432733e-06   5.111144e-28   2.284074e-06   2.522980e-08   2.249439e-06   6.171961e-04   4.352687e-04   1.853294e-04   1.505758e-04   5.417976e-06   2.371694e-05   3.586890e-06   1.084337e-04   2.184970e-01   7.632013e-01   3.303145e-04
   2.235753e+33   1.107565e+08   3.920009e-06   4.595352e-04   3.000001e-30   1.555311e-02   1.354567e-06   0.000000e+00   2.217071e-06   2.443787e-08   2.297991e-06   6.712441e-04   4.858315e-04   2.110430e-04   1.762301e-04   6.312068e-06   2.856452e-05   3.243000e-06   1.354188e-04   2.451163e-01   7.367131e-01   4.302145e-04
   2.256755e+33   1.118185e+08   3.260326e-06   4.706754e-04   3.000001e-30   1.503243e-02   1.260713e-06   1.187716e-26   2.121480e-06   2.327177e-08   2.320532e-06   7.265133e-04   5.403812e-04   2.396053e-04   2.059559e-04   7.320511e-06   3.433118e-05   2.886379e-06   1.692542e-04   2.751350e-01   7.068639e-01   5.628314e-04
   2.277758e+33   1.128947e+08   2.759624e-06   4.740564e-04   3.000001e-30   1.444915e-02   1.166639e-06   0.000000e+00   2.009549e-06   2.191268e-08   2.300347e-06   7.656296e-04   5.828300e-04   2.628968e-04   2.316508e-04   8.167125e-06   3.950918e-05   2.622843e-06   2.015667e-04   3.013499e-01   6.809260e-01   6.977336e-04
   2.298761e+33   1.139875e+08   2.539619e-06   4.827205e-04   3.000002e-30   1.431990e-02   1.128452e-06   4.359228e-28   1.968780e-06   2.136499e-08   2.309322e-06   7.958679e-04   6.131833e-04   2.788927e-04   2.488844e-04   8.713216e-06   4.283643e-05   2.425668e-06   2.224877e-04   3.170954e-01   6.650941e-01   7.866887e-04
   2.324984e+33   1.153734e+08   2.122871e-06   4.821516e-04   3.000002e-30   1.366604e-02   1.025684e-06   0.000000e+00   1.832525e-06   1.970081e-08   2.250886e-06   8.290227e-04   6.538584e-04   3.023775e-04   2.767330e-04   9.573783e-06   4.861255e-05   2.174135e-06   2.617202e-04   3.452619e-01   6.372330e-01   9.655531e-04
   2.351207e+33   1.167849e+08   1.786151e-06   4.812849e-04   3.000001e-30   1.307453e-02   9.307456e-07   1.828642e-27   1.700863e-06   1.808357e-08   2.181948e-06   8.581338e-04   6.918076e-04   3.247620e-04   3.043262e-04   1.038288e-05   5.436791e-05   1.934495e-06   3.029424e-04   3.728460e-01   6.098787e-01   1.164293e-03
   2.369469e+33   1.177837e+08   1.554317e-06   4.796753e-04   3.000001e-30   1.260965e-02   8.572852e-07   1.400000e-29   1.594839e-06   1.678610e-08   2.117062e-06   8.782913e-04   7.203032e-04   3.420263e-04   3.265025e-04   1.100108e-05   5.903075e-05   1.750349e-06   3.380711e-04   3.950158e-01   5.878692e-01   1.342583e-03
   2.378600e+33   1.182881e+08   1.418870e-06   4.770157e-04   3.000001e-30   1.228947e-02   8.097556e-07   0.000000e+00   1.523623e-06   1.592451e-08   2.066896e-06   8.877805e-04   7.360660e-04   3.520258e-04   3.400518e-04   1.136057e-05   6.192837e-05   1.644138e-06   3.610116e-04   4.090306e-01   5.739807e-01   1.464447e-03
   2.399145e+33   1.194354e+08   1.283426e-06   4.732988e-04   3.000001e-30   1.193601e-02   7.589074e-07   0.000000e+00   1.445628e-06   1.498732e-08   2.007608e-06   8.959193e-04   7.516030e-04   3.622094e-04   3.544001e-04   1.172508e-05   6.502289e-05   1.534642e-06   3.864644e-04   4.241776e-01   5.589742e-01   1.604534e-03
   2.411500e+33   1.201338e+08   1.153398e-06   4.691506e-04   3.000002e-30   1.157044e-02   7.071716e-07   1.400000e-29   1.364731e-06   1.402035e-08   1.942630e-06   9.032103e-04   7.671291e-04   3.726131e-04   3.695185e-04   1.209249e-05   6.829078e-05   1.421477e-06   4.143116e-04   4.402378e-01   5.430457e-01   1.763134e-03
   2.428021e+33   1.210779e+08   1.044498e-06   4.640383e-04   3.000002e-30   1.122269e-02   6.606010e-07   0.000000e+00   1.290013e-06   1.313722e-08   1.877788e-06   9.067150e-04   7.787683e-04   3.809441e-04   3.824335e-04   1.238614e-05   7.112476e-05   1.327599e-06   4.397252e-04   4.546112e-01   5.288095e-01   1.914246e-03
   2.450048e+33   1.223553e+08   9.138712e-07   4.562505e-04   3.000002e-30   1.075879e-02   6.010130e-07   0.000000e+00   1.192224e-06   1.199284e-08   1.787525e-06   9.082815e-04   7.917214e-04   3.908480e-04   3.987861e-04   1.273043e-05   7.474583e-05   1.210792e-06   4.739239e-04   4.735011e-01   5.101003e-01   2.126810e-03
   2.476561e+33   1.239224e+08   7.729688e-07   4.455231e-04   3.000002e-30   1.019227e-02   5.317857e-07   1.241950e-27   1.075581e-06   1.064514e-08   1.672310e-06   9.060250e-04   8.041725e-04   4.013855e-04   4.177698e-04   1.308608e-05   7.898372e-05   1.077509e-06   5.167685e-04   4.965115e-01   4.872988e-01   2.408638e-03
   2.489817e+33   1.247182e+08   6.738028e-07   4.344180e-04   3.000003e-30   9.722767e-03   4.778957e-07   0.000000e+00   9.815777e-07   9.574077e-09   1.570412e-06   8.970129e-04   8.075659e-04   4.064314e-04   4.297291e-04   1.323661e-05   8.168773e-05   9.773459e-07   5.482213e-04   5.138616e-01   4.701575e-01   2.635209e-03
   2.503074e+33   1.255244e+08   6.540644e-07   4.435888e-04   3.000003e-30   9.781875e-03   4.747677e-07   0.000000e+00   9.805776e-07   9.539628e-09   1.584496e-06   9.186745e-04   8.308318e-04   4.193219e-04   4.454188e-04   1.366369e-05   8.483623e-05   9.160004e-07   5.732171e-04   5.231745e-01   4.605319e-01   2.777617e-03
   2.518307e+33   1.264604e+08   5.688656e-07   4.265276e-04   3.000003e-30   9.242411e-03   4.223181e-07   7.995190e-28   8.850041e-07   8.483652e-09   1.469233e-06   8.967240e-04   8.221036e-04   4.182267e-04   4.510979e-04   1.361395e-05   8.639290e-05   8.526620e-07   5.985346e-04   5.379666e-01   4.460839e-01   2.989603e-03
   2.533541e+33   1.274082e+08   5.069551e-07   4.167870e-04   3.000003e-30   8.871495e-03   3.853107e-07   1.837488e-28   8.178207e-07   7.744034e-09   1.389977e-06   8.863501e-04   8.221186e-04   4.210778e-04   4.600872e-04   1.369296e-05   8.850793e-05   7.892039e-07   6.262438e-04   5.519810e-01   4.322000e-01   3.208712e-03
   2.548775e+33   1.283680e+08   4.513473e-07   4.067344e-04   3.000002e-30   8.507754e-03   3.507494e-07   0.000000e+00   7.540334e-07   7.050320e-09   1.311921e-06   8.743909e-04   8.204823e-04   4.230480e-04   4.682371e-04   1.373753e-05   9.044900e-05   7.302111e-07   6.536573e-04   5.657180e-01   4.185840e-01   3.435946e-03
   2.579242e+33   1.303250e+08   3.767490e-07   3.905170e-04   3.000004e-30   7.959330e-03   3.021761e-07   2.302905e-25   6.624937e-07   6.071423e-09   1.194687e-06   8.527739e-04   8.144996e-04   4.242097e-04   4.788860e-04   1.373683e-05   9.305422e-05   6.483386e-07   6.948173e-04   5.861966e-01   3.982789e-01   3.799500e-03
   2.594475e+33   1.313228e+08   3.144194e-07   3.741654e-04   3.000004e-30   7.438070e-03   2.595500e-07   8.574522e-26   5.802394e-07   5.209230e-09   1.083973e-06   8.287614e-04   8.054773e-04   4.236189e-04   4.876166e-04   1.366914e-05   9.525000e-05   5.759702e-07   7.347177e-04   6.058338e-01   3.787832e-01   4.178822e-03
   2.609709e+33   1.323326e+08   2.682272e-07   3.556626e-04   3.000000e-30   6.951003e-03   2.252212e-07   4.598512e-29   5.116723e-07   4.510730e-09   9.841996e-07   7.977513e-04   7.867158e-04   4.171141e-04   4.880979e-04   1.341517e-05   9.576793e-05   5.293542e-07   7.596063e-04   6.202152e-01   3.646486e-01   4.468577e-03
   2.624943e+33   1.333587e+08   2.525672e-07   3.585427e-04   3.000004e-30   6.891687e-03   2.167490e-07   1.583967e-25   4.964741e-07   4.346053e-09   9.688559e-07   8.060858e-04   8.003137e-04   4.259154e-04   5.020092e-04   1.367734e-05   9.864749e-05   4.881244e-07   7.916799e-04   6.307759e-01   3.538097e-01   4.723420e-03
   2.640785e+33   1.344385e+08   2.083950e-07   3.352393e-04   3.000004e-30   6.324440e-03   1.819260e-07   0.000000e+00   4.247318e-07   3.637604e-09   8.578620e-07   7.650148e-04   7.727285e-04   4.152028e-04   4.990405e-04   1.328319e-05   9.860861e-05   4.460940e-07   8.181648e-04   6.465853e-01   3.382894e-01   5.081519e-03
   2.656627e+33   1.355356e+08   1.901013e-07   3.306533e-04   3.000004e-30   6.145941e-03   1.685789e-07   1.400000e-29   3.977353e-07   3.366245e-09   8.182634e-07   7.573441e-04   7.717359e-04   4.165515e-04   5.055602e-04   1.327569e-05   9.999139e-05   4.126580e-07   8.436552e-04   6.570630e-01   3.277030e-01   5.347270e-03
   2.672469e+33   1.366472e+08   1.588563e-07   3.114573e-04   3.000004e-30   5.683569e-03   1.432230e-07   2.313941e-25   3.441215e-07   2.852063e-09   7.311042e-07   7.224315e-04   7.479735e-04   4.072581e-04   5.032806e-04   1.292275e-05   9.998187e-05   3.785777e-07   8.701689e-04   6.716931e-01   3.132206e-01   5.725508e-03
   2.688311e+33   1.377762e+08   1.402770e-07   3.016464e-04   3.000003e-30   5.419627e-03   1.283387e-07   0.000000e+00   3.125539e-07   2.549968e-09   6.795486e-07   7.043257e-04   7.373859e-04   4.038031e-04   5.052911e-04   1.275116e-05   1.005313e-04   3.497299e-07   8.942792e-04   6.830102e-01   3.018669e-01   6.041643e-03
   2.705700e+33   1.390345e+08   1.186966e-07   2.866318e-04   2.999999e-30   5.054010e-03   1.105601e-07   1.185266e-25   2.741224e-07   2.191691e-09   6.141340e-07   6.769711e-04   7.191166e-04   3.968356e-04   5.048036e-04   1.246370e-05   1.007288e-04   3.189343e-07   9.221218e-04   6.966891e-01   2.881868e-01   6.448931e-03
   2.723090e+33   1.403131e+08   9.865875e-08   2.700068e-04   3.000001e-30   4.667941e-03   9.366090e-08   0.000000e+00   2.369890e-07   1.852243e-09   5.484428e-07   6.467907e-04   6.978152e-04   3.881830e-04   5.025999e-04   1.210940e-05   1.005355e-04   2.906098e-07   9.495864e-04   7.108273e-01   2.740397e-01   6.896189e-03
   2.740479e+33   1.416119e+08   8.022234e-08   2.510261e-04   3.000001e-30   4.253282e-03   7.769062e-08   0.000000e+00   2.012420e-07   1.532799e-09   4.822938e-07   6.125668e-04   6.719741e-04   3.769946e-04   4.972081e-04   1.165653e-05   9.958460e-05   2.615140e-07   9.732513e-04   7.253279e-01   2.595525e-01   7.371002e-03
   2.757869e+33   1.429373e+08   7.281835e-08   2.498199e-04   2.999999e-30   4.146038e-03   7.241057e-08   1.398761e-26   1.901473e-07   1.430041e-09   4.645907e-07   6.132927e-04   6.786040e-04   3.823429e-04   5.088772e-04   1.175748e-05   1.018623e-04   2.373873e-07   1.012353e-03   7.364693e-01   2.479968e-01   7.827986e-03
   2.771803e+33   1.440135e+08   5.796335e-08   2.290109e-04   2.999998e-30   3.721452e-03   5.908578e-08   1.688184e-25   1.595632e-07   1.166277e-09   4.044481e-07   5.777603e-04   6.502541e-04   3.694555e-04   5.010944e-04   1.123637e-05   1.003033e-04   2.170989e-07   1.033506e-03   7.506305e-01   2.338176e-01   8.356952e-03
   2.785736e+33   1.451063e+08   5.164647e-08   2.219424e-04   3.000004e-30   3.553800e-03   5.364974e-08   0.000000e+00   1.472636e-07   1.058962e-09   3.805240e-07   5.673152e-04   6.438629e-04   3.671060e-04   5.024899e-04   1.106822e-05   1.003005e-04   2.028934e-07   1.052618e-03   7.591482e-01   2.251214e-01   8.709061e-03
   2.799670e+33   1.462135e+08   4.281313e-08   2.075433e-04   3.000004e-30   3.257643e-03   4.578320e-08   8.462284e-24   1.290264e-07   9.054642e-10   3.433268e-07   5.458086e-04   6.274818e-04   3.598293e-04   4.996531e-04   1.072442e-05   9.949471e-05   1.873608e-07   1.074416e-03   7.706961e-01   2.134098e-01   9.210774e-03
   2.813604e+33   1.473360e+08   3.578051e-08   1.949775e-04   3.000003e-30   2.999165e-03   3.953310e-08   4.458896e-24   1.144905e-07   7.843284e-10   3.130843e-07   5.290339e-04   6.152579e-04   3.544783e-04   4.986327e-04   1.043066e-05   9.889430e-05   1.735583e-07   1.096695e-03   7.815489e-01   2.023339e-01   9.718924e-03
   2.827176e+33   1.484426e+08   2.862976e-08   1.780057e-04   3.000001e-30   2.682431e-03   3.290041e-08   1.400000e-29   9.875104e-08   6.558289e-10   2.785662e-07   5.064344e-04   5.964436e-04   3.451202e-04   4.925346e-04   9.971082e-06   9.696708e-05   1.605256e-07   1.109603e-03   7.927532e-01   1.909999e-01   1.022879e-02
   2.840748e+33   1.495697e+08   2.664352e-08   1.800624e-04   3.000000e-30   2.649276e-03   3.186001e-08   5.123982e-25   9.703060e-08   6.385623e-10   2.775732e-07   5.183324e-04   6.138265e-04   3.560398e-04   5.110472e-04   1.023426e-05   1.004438e-04   1.483133e-07   1.162184e-03   8.014290e-01   1.816081e-01   1.086090e-02
   2.847534e+33   1.501382e+08   2.228184e-08   1.674052e-04   2.999999e-30   2.419299e-03   2.775434e-08   2.145200e-24   8.722969e-08   5.595744e-10   2.553812e-07   5.047233e-04   6.029955e-04   3.505558e-04   5.083774e-04   9.910372e-06   9.912955e-05   1.389242e-07   1.174517e-03   8.098434e-01   1.730087e-01   1.131042e-02
   2.854320e+33   1.507116e+08   2.111076e-08   1.663707e-04   2.999999e-30   2.375537e-03   2.690756e-08   0.000000e+00   8.548704e-08   5.442241e-10   2.523749e-07   5.080711e-04   6.088734e-04   3.543027e-04   5.155598e-04   9.965053e-06   1.002782e-04   1.338107e-07   1.197012e-03   8.141486e-01   1.683795e-01   1.163544e-02
   2.867892e+33   1.518726e+08   1.903699e-08   1.620551e-04   3.000000e-30   2.274753e-03   2.517107e-08   1.400000e-29   8.162880e-08   5.116094e-10   2.443682e-07   5.090221e-04   6.130241e-04   3.570324e-04   5.224652e-04   9.928427e-06   1.009887e-04   1.277871e-07   1.221903e-03   8.204903e-01   1.616547e-01   1.208336e-02
   2.888547e+33   1.536688e+08   1.441716e-08   1.432718e-04   2.999996e-30   1.961682e-03   2.066067e-08   0.000000e+00   7.087381e-08   4.241028e-10   2.183348e-07   4.955903e-04   6.020185e-04   3.499749e-04   5.177741e-04   9.371146e-06   9.773182e-05   1.211957e-07   1.221622e-03   8.310940e-01   1.509028e-01   1.260371e-02
   2.898874e+33   1.545807e+08   1.108600e-08   1.298146e-04   2.999995e-30   1.716274e-03   1.775025e-08   0.000000e+00   6.436191e-08   3.691362e-10   2.033805e-07   4.985992e-04   6.100440e-04   3.538497e-04   5.283840e-04   9.147270e-06   9.751795e-05   1.128988e-07   1.254558e-03   8.426778e-01   1.386850e-01   1.343855e-02
   2.909202e+33   1.555049e+08   9.922246e-09   1.275397e-04   2.999996e-30   1.643135e-03   1.699852e-08   2.602605e-25   6.316102e-08   3.561132e-10   2.020195e-07   5.119038e-04   6.285854e-04   3.644454e-04   5.465481e-04   9.289840e-06   9.998030e-05   1.058374e-07   1.302071e-03   8.495703e-01   1.310264e-01   1.416940e-02
   2.923879e+33   1.568435e+08   8.986119e-09   1.327851e-04   2.999998e-30   1.627273e-03   1.692747e-08   0.000000e+00   6.417996e-08   3.593865e-10   2.091753e-07   5.458218e-04   6.756297e-04   3.936787e-04   5.952881e-04   1.003633e-05   1.092920e-04   9.171283e-08   1.442877e-03   8.603485e-01   1.181626e-01   1.595589e-02
   2.938557e+33   1.582179e+08   8.816915e-09   1.465632e-04   2.999998e-30   1.708789e-03   1.775002e-08   0.000000e+00   6.756272e-08   3.809520e-10   2.236303e-07   5.895468e-04   7.355174e-04   4.316924e-04   6.575128e-04   1.114494e-05   1.222106e-04   7.672858e-08   1.624476e-03   8.690614e-01   1.068249e-01   1.808584e-02
   2.955956e+33   1.598950e+08   8.806661e-09   1.573492e-04   3.000000e-30   1.782114e-03   1.839013e-08   2.327610e-26   7.022276e-08   3.961045e-10   2.341162e-07   6.221958e-04   7.785687e-04   4.578653e-04   6.990459e-04   1.183016e-05   1.300553e-04   6.987195e-08   1.733360e-03   8.736754e-01   1.005976e-01   1.935420e-02
   2.966549e+33   1.609571e+08   1.203663e-08   1.982778e-04   3.000000e-30   2.244685e-03   2.307364e-08   8.357114e-26   8.312313e-08   4.914580e-10   2.722123e-07   6.722114e-04   8.375006e-04   4.946599e-04   7.493317e-04   1.326592e-05   1.426769e-04   6.141819e-08   1.846553e-03   8.707876e-01   1.021761e-01   1.983668e-02
   2.971846e+33   1.615006e+08   1.426249e-08   2.254646e-04   3.000000e-30   2.544961e-03   2.655037e-08   1.400000e-29   9.288537e-08   5.623593e-10   3.003926e-07   7.115941e-04   8.828323e-04   5.216853e-04   7.854461e-04   1.422240e-05   1.508751e-04   5.657537e-08   1.918220e-03   8.694151e-01   1.026886e-01   2.014056e-02
   2.974494e+33   1.617765e+08   1.663104e-08   2.503625e-04   2.999998e-30   2.828984e-03   3.018504e-08   0.000000e+00   1.028914e-07   6.362404e-10   3.282314e-07   7.468743e-04   9.219635e-04   5.445370e-04   8.144263e-04   1.505203e-05   1.575132e-04   5.426693e-08   1.968134e-03   8.674710e-01   1.040678e-01   2.021287e-02
   2.975818e+33   1.619161e+08   1.930337e-08   2.753684e-04   2.999998e-30   3.120516e-03   3.425263e-08   7.684792e-25   1.139253e-07   7.188680e-10   3.580963e-07   7.823058e-04   9.602262e-04   5.664927e-04   8.411847e-04   1.585783e-05   1.636298e-04   5.320430e-08   2.008646e-03   8.651794e-01   1.059142e-01   2.017156e-02
   2.976480e+33   1.619866e+08   2.224008e-08   2.998664e-04   2.999999e-30   3.413795e-03   3.865498e-08   0.000000e+00   1.257095e-07   8.080343e-10   3.890998e-07   8.170138e-04   9.966234e-04   5.868858e-04   8.648618e-04   1.660376e-05   1.689303e-04   5.280174e-08   2.037602e-03   8.626203e-01   1.081610e-01   2.001594e-02
   2.976811e+33   1.620221e+08   2.556828e-08   3.263112e-04   3.000000e-30   3.728429e-03   4.371685e-08   0.000000e+00   1.391636e-07   9.110189e-10   4.240571e-07   8.556186e-04   1.037025e-03   6.094328e-04   8.911019e-04   1.741934e-05   1.747195e-04   5.266849e-08   2.070388e-03   8.601118e-01   1.102865e-01   1.989057e-02
   2.976977e+33   1.620400e+08   2.927817e-08   3.542189e-04   3.000000e-30   4.060079e-03   4.941154e-08   0.000000e+00   1.541882e-07   1.027243e-09   4.625024e-07   8.972247e-04   1.080261e-03   6.333631e-04   9.187383e-04   1.827388e-05   1.806971e-04   5.265513e-08   2.103763e-03   8.576319e-01   1.123510e-01   1.976974e-02
   2.977060e+33   1.620491e+08   3.397477e-08   3.876690e-04   3.000000e-30   4.456864e-03   5.669437e-08   3.023372e-24   1.732601e-07   1.176425e-09   5.105213e-07   9.480343e-04   1.132664e-03   6.621249e-04   9.516803e-04   1.928754e-05   1.876780e-04   5.271311e-08   2.142142e-03   8.548660e-01   1.146067e-01   1.963832e-02
   2.977142e+33   1.620583e+08   4.511876e-08   4.622819e-04   3.000001e-30   5.329318e-03   7.446554e-08   3.352953e-24   2.193473e-07   1.543716e-09   6.240799e-07   1.064697e-03   1.252277e-03   7.273110e-04   1.026230e-03   2.154670e-05   2.031185e-04   5.280151e-08   2.229886e-03   8.497319e-01   1.184752e-01   1.947527e-02
   2.977184e+33   1.620634e+08   8.958736e-08   1.815886e-03   3.000002e-30   1.263788e-02   3.390850e-07   0.000000e+00   9.623440e-07   8.519696e-09   2.758623e-06   3.520489e-03   4.162972e-03   2.529490e-03   3.543071e-03   9.322775e-05   8.246833e-04   1.188875e-08   8.238532e-03   8.533049e-01   4.654928e-02   6.277538e-02
   2.977225e+33   1.620686e+08   9.818960e-08   1.980346e-03   3.000001e-30   1.356278e-02   3.827437e-07   0.000000e+00   1.079321e-06   9.692544e-09   3.062165e-06   3.788275e-03   4.455400e-03   2.702105e-03   3.758992e-03   1.002954e-04   8.767845e-04   1.165760e-08   8.635934e-03   8.500451e-01   4.542924e-02   6.466011e-02
   2.977308e+33   1.620789e+08   9.097730e-08   2.219267e-03   3.000001e-30   1.391926e-02   4.061730e-07   0.000000e+00   1.159568e-06   1.057469e-08   3.372724e-06   4.208193e-03   5.011027e-03   3.078644e-03   4.335266e-03   1.174564e-04   1.038595e-03   1.112313e-08   1.034341e-02   8.402290e-01   3.722982e-02   7.826500e-02
   2.977474e+33   1.620996e+08   9.076247e-08   2.218622e-03   3.000001e-30   1.390745e-02   4.054859e-07   0.000000e+00   1.157884e-06   1.055728e-08   3.369253e-06   4.207023e-03   5.010683e-03   3.078839e-03   4.336552e-03   1.174670e-04   1.039032e-03   1.112097e-08   1.035167e-02   8.401921e-01   3.717310e-02   7.836237e-02
   2.977805e+33   1.621410e+08   9.096856e-08   2.222389e-03   3.000001e-30   1.393138e-02   4.063480e-07   1.400000e-29   1.160155e-06   1.057861e-08   3.374770e-06   4.211963e-03   5.015659e-03   3.081441e-03   4.339306e-03   1.175436e-04   1.039421e-03   1.112055e-08   1.035233e-02   8.401630e-01   3.718084e-02   7.833964e-02
