997   20
1.0d0 1.0d0 3.0d0 4.0d0 12.0d0 14.0d0 16.0d0 20.0d0 24.0d0 28.0d0 32.0d0 36.0d0 40.0d0 44.0d0 48.0d0 56.0d0 52.0d0 54.0d0 56.0d0 56.0d0
0.0d0 1.0d0 2.0d0 2.0d0 6.0d0 7.0d0 8.0d0 10.0d0 12.0d0 14.0d0 16.0d0 18.0d0 20.0d0 22.0d0 24.0d0 24.0d0 26.0d0 26.0d0 26.0d0 28.0d0
   9.713035e+26   4.999410e+05   3.880062e-03   7.473724e-06   3.000021e-30   7.686979e-03   6.923990e-07   6.289568e-33   2.325451e-07   2.034590e-09   1.442759e-08   2.269561e-07   3.726279e-08   4.709902e-09   8.414789e-10   2.533345e-11   1.964894e-11   6.766896e-04   1.529231e-11   4.532070e-05   9.877023e-01   6.623933e-12
   1.942607e+27   6.298921e+05   3.879808e-03   7.474092e-06   3.000021e-30   7.687134e-03   6.924073e-07   6.289108e-33   2.325516e-07   2.034621e-09   1.442827e-08   2.269752e-07   3.726643e-08   4.710406e-09   8.415813e-10   2.533631e-11   1.965150e-11   6.766168e-04   1.529457e-11   4.532450e-05   9.877024e-01   6.625037e-12
   3.885215e+27   7.936271e+05   3.879512e-03   7.474538e-06   3.000021e-30   7.687326e-03   6.924181e-07   6.288563e-33   2.325595e-07   2.034662e-09   1.442909e-08   2.269981e-07   3.727078e-08   4.711008e-09   8.417037e-10   2.533973e-11   1.965456e-11   6.765303e-04   1.529725e-11   4.532904e-05   9.877026e-01   6.626353e-12
   7.770432e+27   9.999334e+05   3.879042e-03   7.475246e-06   3.000021e-30   7.687630e-03   6.924352e-07   6.287688e-33   2.325722e-07   2.034726e-09   1.443041e-08   2.270344e-07   3.727770e-08   4.711965e-09   8.418980e-10   2.534515e-11   1.965942e-11   6.763929e-04   1.530152e-11   4.533623e-05   9.877029e-01   6.628440e-12
   1.554087e+28   1.259889e+06   3.878460e-03   7.476492e-06   3.000021e-30   7.688272e-03   6.924835e-07   6.286255e-33   2.325985e-07   2.034898e-09   1.443282e-08   2.270939e-07   3.728880e-08   4.713480e-09   8.422003e-10   2.535366e-11   1.966687e-11   6.761364e-04   1.530796e-11   4.534696e-05   9.877031e-01   6.631546e-12
   3.108173e+28   1.587466e+06   3.877276e-03   7.478276e-06   3.000021e-30   7.689040e-03   6.925267e-07   6.283977e-33   2.326304e-07   2.035059e-09   1.443613e-08   2.271856e-07   3.730624e-08   4.715891e-09   8.426902e-10   2.536734e-11   1.967911e-11   6.757900e-04   1.531871e-11   4.536510e-05   9.877038e-01   6.636811e-12
   6.216347e+28   2.000290e+06   3.875396e-03   7.481109e-06   3.000021e-30   7.690258e-03   6.925953e-07   6.280240e-33   2.326811e-07   2.035316e-09   1.444138e-08   2.273311e-07   3.733395e-08   4.719722e-09   8.434684e-10   2.538906e-11   1.969855e-11   6.752405e-04   1.533579e-11   4.539391e-05   9.877050e-01   6.645177e-12
   1.243269e+29   2.520626e+06   3.872491e-03   7.485664e-06   3.000021e-30   7.692265e-03   6.927138e-07   6.273985e-33   2.327643e-07   2.035754e-09   1.444988e-08   2.275631e-07   3.737802e-08   4.725806e-09   8.447021e-10   2.542353e-11   1.972933e-11   6.743548e-04   1.536279e-11   4.543935e-05   9.877068e-01   6.658380e-12
   2.486539e+29   3.176626e+06   3.867720e-03   7.492777e-06   3.000021e-30   7.695295e-03   6.928807e-07   6.263230e-33   2.328903e-07   2.036380e-09   1.446304e-08   2.279301e-07   3.744795e-08   4.735481e-09   8.466700e-10   2.547843e-11   1.977853e-11   6.729792e-04   1.540605e-11   4.551225e-05   9.877098e-01   6.679597e-12
   4.973078e+29   4.003973e+06   3.860149e-03   7.504071e-06   3.000021e-30   7.700096e-03   6.931438e-07   6.243840e-33   2.330896e-07   2.037365e-09   1.448391e-08   2.285134e-07   3.755920e-08   4.750875e-09   8.498025e-10   2.556577e-11   1.985684e-11   6.708010e-04   1.547498e-11   4.562823e-05   9.877146e-01   6.713418e-12
   8.170679e+29   4.726699e+06   3.851186e-03   7.517864e-06   3.000021e-30   7.706069e-03   6.934822e-07   6.216093e-33   2.333367e-07   2.038622e-09   1.450948e-08   2.292217e-07   3.769409e-08   4.769527e-09   8.535944e-10   2.567150e-11   1.995155e-11   6.681707e-04   1.555827e-11   4.576798e-05   9.877201e-01   6.754264e-12
   1.136828e+30   5.278785e+06   3.842659e-03   7.531027e-06   3.000021e-30   7.711765e-03   6.938034e-07   6.184485e-33   2.335719e-07   2.039813e-09   1.453384e-08   2.298985e-07   3.782304e-08   4.787362e-09   8.572222e-10   2.577258e-11   2.004216e-11   6.656495e-04   1.563802e-11   4.590152e-05   9.877253e-01   6.793405e-12
   1.776348e+30   6.129643e+06   3.830224e-03   7.547990e-06   3.000021e-30   7.718445e-03   6.941040e-07   6.131237e-33   2.338493e-07   2.040975e-09   1.456460e-08   2.307999e-07   3.799637e-08   4.811459e-09   8.621612e-10   2.590968e-11   2.016615e-11   6.622971e-04   1.574792e-11   4.608598e-05   9.877342e-01   6.847706e-12
   3.055389e+30   7.352655e+06   3.810697e-03   7.578722e-06   3.000021e-30   7.731784e-03   6.948577e-07   6.057111e-33   2.343980e-07   2.043761e-09   1.462143e-08   2.323821e-07   3.829812e-08   4.853218e-09   8.706656e-10   2.614633e-11   2.037862e-11   6.565989e-04   1.593520e-11   4.639757e-05   9.877457e-01   6.939798e-12
   5.613470e+30   9.022457e+06   3.777501e-03   7.629608e-06   3.000021e-30   7.753290e-03   6.959970e-07   5.881625e-33   2.352797e-07   2.047997e-09   1.471472e-08   2.350339e-07   3.880585e-08   4.923638e-09   8.850595e-10   2.654576e-11   2.073886e-11   6.470282e-04   1.625397e-11   4.692539e-05   9.877664e-01   7.097175e-12
   1.072963e+31   1.123206e+07   3.722487e-03   7.712118e-06   3.000021e-30   7.787094e-03   6.976339e-07   5.570358e-33   2.366552e-07   2.054118e-09   1.486423e-08   2.393995e-07   3.964601e-08   5.040501e-09   9.090655e-10   2.720917e-11   2.134090e-11   6.316457e-04   1.678960e-11   4.780473e-05   9.878020e-01   7.363136e-12
   2.096196e+31   1.411238e+07   3.635238e-03   7.846315e-06   3.000020e-30   7.841651e-03   7.001508e-07   1.620507e-33   2.388411e-07   2.063444e-09   1.510499e-08   2.465695e-07   4.103185e-08   5.233734e-09   9.489502e-10   2.830559e-11   2.234216e-11   6.075093e-04   1.768565e-11   4.925232e-05   9.878573e-01   7.811007e-12
   3.831628e+31   1.737597e+07   3.510707e-03   8.039335e-06   3.000020e-30   7.917532e-03   7.031439e-07   9.336589e-34   2.417998e-07   2.074443e-09   1.544380e-08   2.571129e-07   4.308733e-08   5.521684e-09   1.008919e-09   2.993900e-11   2.385117e-11   5.738069e-04   1.905030e-11   5.140780e-05   9.879372e-01   8.500981e-12
   6.397914e+31   2.079377e+07   3.350444e-03   8.281190e-06   3.000019e-30   8.005476e-03   7.052887e-07   2.608375e-33   2.450570e-07   2.082269e-09   1.585095e-08   2.708610e-07   4.580637e-08   5.905539e-09   1.090017e-09   3.211619e-11   2.590019e-11   5.333214e-04   2.093394e-11   5.430108e-05   9.880469e-01   9.470272e-12
   8.971750e+31   2.345222e+07   3.184538e-03   8.512214e-06   3.000018e-30   8.077505e-03   7.047012e-07   9.616157e-33   2.474472e-07   2.080153e-09   1.621236e-08   2.848239e-07   4.862515e-08   6.307738e-09   1.176676e-09   3.439703e-11   2.810202e-11   4.938028e-04   2.300288e-11   5.739199e-05   9.881769e-01   1.055970e-11
   1.512052e+32   2.837136e+07   2.955806e-03   8.882701e-06   3.000018e-30   8.201057e-03   7.043466e-07   6.394421e-34   2.512228e-07   2.077517e-09   1.677611e-08   3.072943e-07   5.319439e-08   6.961867e-09   1.319083e-09   3.807850e-11   3.171096e-11   4.397704e-04   2.644538e-11   6.231479e-05   9.883308e-01   1.240525e-11
   2.229086e+32   3.284136e+07   2.678658e-03   9.342206e-06   3.000017e-30   8.340558e-03   6.993331e-07   4.368062e-33   2.543943e-07   2.056359e-09   1.739774e-08   3.367581e-07   5.932858e-08   7.849612e-09   1.517229e-09   4.302370e-11   3.673110e-11   3.755254e-04   3.138430e-11   6.904978e-05   9.885255e-01   1.514410e-11
   3.038044e+32   3.705987e+07   2.437834e-03   9.820352e-06   3.000016e-30   8.497036e-03   6.935551e-07   9.308648e-33   2.570777e-07   2.029557e-09   1.798217e-08   3.676811e-07   6.585582e-08   8.798211e-09   1.732884e-09   4.819236e-11   4.213457e-11   3.179593e-04   3.684632e-11   7.612669e-05   9.886598e-01   1.826971e-11
   3.615190e+32   3.974370e+07   2.235797e-03   1.016733e-05   3.000015e-30   8.580480e-03   6.813555e-07   9.112856e-33   2.565627e-07   1.981711e-09   1.828980e-08   3.926600e-07   7.133236e-08   9.607411e-09   1.923565e-09   5.253949e-11   4.691642e-11   2.741334e-04   4.188724e-11   8.246031e-05   9.888155e-01   2.128169e-11
   4.615657e+32   4.399203e+07   2.024748e-03   1.048884e-05   3.000015e-30   8.635174e-03   6.613609e-07   8.761123e-33   2.532397e-07   1.905047e-09   1.841614e-08   4.180236e-07   7.710107e-08   1.046960e-08   2.134057e-09   5.700730e-11   5.212129e-11   2.325192e-04   4.762692e-11   8.958058e-05   9.890060e-01   2.487227e-11
   5.202220e+32   4.630958e+07   1.860674e-03   1.080211e-05   3.000014e-30   8.709806e-03   6.443059e-07   8.802703e-33   2.503150e-07   1.838452e-09   1.851940e-08   4.417465e-07   8.252460e-08   1.127814e-08   2.333903e-09   6.104145e-11   5.694949e-11   1.978157e-04   5.308303e-11   9.618639e-05   9.891233e-01   2.838513e-11
   5.909564e+32   4.898491e+07   1.719775e-03   1.094720e-05   3.000014e-30   8.698405e-03   6.211442e-07   8.020449e-33   2.441603e-07   1.753356e-09   1.831395e-08   4.565078e-07   8.619709e-08   1.183944e-08   2.482171e-09   6.365353e-11   6.045913e-11   1.732465e-04   5.736217e-11   1.015468e-04   9.892946e-01   3.133155e-11
   6.994245e+32   5.290619e+07   1.572436e-03   1.122855e-05   3.000014e-30   8.761685e-03   5.979298e-07   3.648445e-33   2.384625e-07   1.665571e-09   1.819257e-08   4.787858e-07   9.153279e-08   1.263851e-08   2.689892e-09   6.722261e-11   6.520003e-11   1.443479e-04   6.315022e-11   1.086308e-04   9.894002e-01   3.536113e-11
   7.771557e+32   5.561694e+07   1.417602e-03   1.134145e-05   3.000014e-30   8.721462e-03   5.625009e-07   6.511593e-33   2.275890e-07   1.539808e-09   1.765750e-08   4.932165e-07   9.551155e-08   1.325317e-08   2.865811e-09   6.952858e-11   6.899174e-11   1.189293e-04   6.836704e-11   1.155574e-04   9.896137e-01   3.936606e-11
   8.134965e+32   5.686306e+07   1.305148e-03   1.120032e-05   3.000014e-30   8.565311e-03   5.271705e-07   1.406495e-33   2.152271e-07   1.420982e-09   1.687238e-08   4.919407e-07   9.616903e-08   1.338901e-08   2.926295e-09   6.940773e-11   6.998872e-11   1.053620e-04   7.056443e-11   1.195011e-04   9.898921e-01   4.155604e-11
   8.689598e+32   5.874738e+07   1.277615e-03   1.149218e-05   3.000014e-30   8.713110e-03   5.276006e-07   1.527806e-33   2.166472e-07   1.417549e-09   1.710328e-08   5.083054e-07   9.979773e-08   1.391287e-08   3.053535e-09   7.166946e-11   7.269687e-11   9.568394e-05   7.374487e-11   1.230916e-04   9.897776e-01   4.378063e-11
   9.868059e+32   6.270275e+07   1.144077e-03   1.138328e-05   3.000014e-30   8.561577e-03   4.837129e-07   4.678808e-33   2.012418e-07   1.272821e-09   1.613589e-08   5.096611e-07   1.013456e-07   1.418401e-08   3.157748e-09   7.168581e-11   7.431854e-11   7.940458e-05   7.718129e-11   1.291763e-04   9.900731e-01   4.725032e-11
   1.054195e+33   6.494695e+07   1.053236e-03   1.162926e-05   3.000014e-30   8.623091e-03   4.612969e-07   3.915153e-33   1.945340e-07   1.199446e-09   1.587442e-08   5.283202e-07   1.062840e-07   1.493486e-08   3.366248e-09   7.434102e-11   7.848935e-11   6.464407e-05   8.310946e-11   1.369309e-04   9.901091e-01   5.217481e-11
   1.132824e+33   6.756201e+07   9.353301e-04   1.140022e-05   3.000015e-30   8.382874e-03   4.179822e-07   3.336000e-33   1.787245e-07   1.069330e-09   1.486248e-08   5.253325e-07   1.071158e-07   1.512969e-08   3.462629e-09   7.418150e-11   8.014523e-11   5.461561e-05   8.699719e-11   1.436345e-04   9.904709e-01   5.638164e-11
   1.206679e+33   7.002728e+07   8.738947e-04   1.189010e-05   3.000014e-30   8.544641e-03   4.112246e-07   3.054250e-33   1.784850e-07   1.053108e-09   1.518172e-08   5.604264e-07   1.156910e-07   1.644749e-08   3.812179e-09   8.025297e-11   8.818698e-11   4.559326e-05   9.744251e-11   1.544941e-04   9.903682e-01   6.454956e-11
   1.254325e+33   7.162467e+07   7.803784e-04   1.202636e-05   3.000014e-30   8.433958e-03   3.873755e-07   2.215459e-33   1.712179e-07   9.938304e-10   1.499683e-08   5.846984e-07   1.227618e-07   1.763276e-08   4.162287e-09   8.604142e-11   9.689245e-11   3.925849e-05   1.098775e-10   1.673897e-04   9.905657e-01   7.511019e-11
   1.307527e+33   7.341911e+07   7.072378e-04   1.249478e-05   3.000014e-30   8.458891e-03   3.792383e-07   2.216174e-33   1.710059e-07   9.868747e-10   1.549992e-08   6.331613e-07   1.353855e-07   1.970414e-08   4.740872e-09   9.719659e-11   1.120682e-10   3.451203e-05   1.302563e-10   1.850156e-04   9.906005e-01   9.162419e-11
   1.367337e+33   7.545381e+07   6.112456e-04   1.349669e-05   3.000014e-30   8.552175e-03   3.789577e-07   3.587896e-33   1.766151e-07   1.022474e-09   1.698235e-08   7.392852e-07   1.629798e-07   2.431319e-08   6.037379e-09   1.237556e-10   1.480522e-10   2.979600e-05   1.787677e-10   2.205809e-04   9.905712e-01   1.312366e-10
   1.397243e+33   7.647836e+07   4.964850e-04   1.491468e-05   3.000013e-30   8.571671e-03   3.814123e-07   7.261050e-33   1.862151e-07   1.093564e-09   1.951030e-08   9.202928e-07   2.120747e-07   3.286858e-08   8.545267e-09   1.772014e-10   2.233570e-10   2.635081e-05   2.846120e-10   2.837314e-04   9.906051e-01   2.216419e-10
   1.427148e+33   7.751054e+07   4.719314e-04   1.689444e-05   3.000011e-30   9.072457e-03   4.214415e-07   5.530745e-33   2.110021e-07   1.268308e-09   2.317554e-08   1.119409e-06   2.637230e-07   4.176007e-08   1.109052e-08   2.345747e-10   3.018546e-10   2.428850e-05   3.925480e-10   3.333363e-04   9.900790e-01   3.119136e-10
   1.453342e+33   7.841881e+07   3.475516e-04   1.995432e-05   3.000010e-30   9.116781e-03   4.430880e-07   1.109902e-32   2.384135e-07   1.490044e-09   3.001100e-08   1.612550e-06   4.073395e-07   6.874476e-08   1.961789e-08   4.305211e-10   5.994936e-10   2.246553e-05   8.452447e-10   4.989262e-04   9.899915e-01   7.321821e-10
   1.479537e+33   7.933384e+07   3.083990e-04   2.409262e-05   3.000009e-30   9.770887e-03   5.117288e-07   1.240348e-32   2.881767e-07   1.878726e-09   3.955092e-08   2.221567e-06   5.850685e-07   1.028649e-07   3.058576e-08   6.975943e-10   1.011858e-09   2.085641e-05   1.485774e-09   6.620465e-04   9.892099e-01   1.340367e-09
   1.522840e+33   8.085763e+07   1.569461e-04   4.155148e-05   3.000006e-30   1.076055e-02   6.988276e-07   2.177731e-32   4.741457e-07   3.562270e-09   9.279353e-08   6.524189e-06   2.052768e-06   4.279316e-07   1.524277e-07   3.985123e-09   6.986524e-09   1.881453e-05   1.242951e-08   1.961551e-03   9.870501e-01   1.367928e-08
   1.572083e+33   8.260949e+07   5.882454e-05   9.391191e-05   3.000003e-30   1.252717e-02   1.113571e-06   2.273912e-32   9.961166e-07   9.264148e-09   3.289372e-07   3.201873e-05   1.309414e-05   3.511900e-06   1.631769e-06   5.244339e-08   1.213887e-07   1.637843e-05   2.860725e-07   9.690644e-03   9.775595e-01   4.208901e-07
   1.613711e+33   8.410975e+07   3.138712e-05   1.533967e-04   3.000002e-30   1.363737e-02   1.426640e-06   8.435902e-31   1.515082e-06   1.591510e-08   6.910190e-07   8.328891e-05   4.006586e-05   1.253519e-05   6.869115e-06   2.481844e-07   6.840067e-07   1.427442e-05   1.924319e-06   2.561281e-02   9.603981e-01   3.404141e-06
   1.655339e+33   8.562873e+07   1.948596e-05   2.064792e-04   3.000002e-30   1.400534e-02   1.583404e-06   0.000000e+00   1.890063e-06   2.127650e-08   1.075182e-06   1.527920e-04   8.221300e-05   2.852869e-05   1.753563e-05   6.767690e-07   2.113095e-06   1.250179e-05   6.753312e-06   4.875808e-02   9.366893e-01   1.367121e-05
   1.729102e+33   8.837335e+07   1.166718e-05   2.662964e-04   3.000001e-30   1.396474e-02   1.642980e-06   2.879647e-31   2.194936e-06   2.600500e-08   1.547593e-06   2.635798e-04   1.582119e-04   6.054714e-05   4.166950e-05   1.685443e-06   5.972268e-06   1.036040e-05   2.174207e-05   8.896930e-02   8.961682e-01   5.062691e-05
   1.768852e+33   8.988277e+07   7.747109e-06   3.101544e-04   3.000001e-30   1.359293e-02   1.596279e-06   2.482603e-31   2.309107e-06   2.799125e-08   1.897940e-06   3.745298e-04   2.431202e-04   9.952497e-05   7.432841e-05   3.063127e-06   1.193195e-05   8.521058e-06   4.792409e-05   1.336654e-01   8.514308e-01   1.242450e-04
   1.794422e+33   9.086611e+07   6.246356e-06   3.294242e-04   3.000001e-30   1.327035e-02   1.536873e-06   0.000000e+00   2.309197e-06   2.814380e-08   2.043506e-06   4.361038e-04   2.939796e-04   1.241773e-04   9.649916e-05   3.988161e-06   1.628886e-05   7.597234e-06   6.874316e-05   1.610161e-01   8.241363e-01   1.882538e-04
   1.819992e+33   9.186002e+07   5.424559e-06   3.422006e-04   3.000001e-30   1.306646e-02   1.492568e-06   7.146584e-26   2.297434e-06   2.803704e-08   2.131020e-06   4.793591e-04   3.309567e-04   1.425283e-04   1.135880e-04   4.690580e-06   1.975151e-05   6.952712e-06   8.606623e-05   1.807927e-01   8.043591e-01   2.442455e-04
   1.866105e+33   9.368008e+07   4.333841e-06   3.560170e-04   3.000001e-30   1.259468e-02   1.396672e-06   1.304203e-26   2.227103e-06   2.713476e-08   2.214133e-06   5.409819e-04   3.870141e-04   1.714047e-04   1.418470e-04   5.830887e-06   2.570889e-05   6.091791e-06   1.176573e-04   2.127233e-01   7.725662e-01   3.530419e-04
   1.887905e+33   9.455332e+07   3.536261e-06   3.653844e-04   3.000002e-30   1.212159e-02   1.299123e-06   0.000000e+00   2.135021e-06   2.589167e-08   2.252629e-06   5.936860e-04   4.379092e-04   1.984946e-04   1.696742e-04   6.923066e-06   3.175437e-05   5.351543e-06   1.517468e-04   2.431573e-01   7.422720e-01   4.789549e-04
   1.909704e+33   9.543525e+07   3.099866e-06   3.693363e-04   3.000002e-30   1.178753e-02   1.231051e-06   1.356699e-26   2.061130e-06   2.488052e-08   2.256041e-06   6.245111e-04   4.694311e-04   2.157753e-04   1.881930e-04   7.629247e-06   3.587585e-05   4.911432e-06   1.762069e-04   2.631208e-01   7.224167e-01   5.744014e-04
   1.951314e+33   9.714411e+07   2.561919e-06   3.728051e-04   3.000002e-30   1.128506e-02   1.129953e-06   0.000000e+00   1.941583e-06   2.323911e-08   2.236963e-06   6.649745e-04   5.131733e-04   2.404100e-04   2.156590e-04   8.644643e-06   4.211049e-05   4.321187e-06   2.150569e-04   2.923847e-01   6.933110e-01   7.341741e-04
   1.972119e+33   9.801147e+07   2.135332e-06   3.738498e-04   3.000002e-30   1.079255e-02   1.032712e-06   0.000000e+00   1.817355e-06   2.153573e-08   2.194817e-06   6.986498e-04   5.523175e-04   2.631719e-04   2.422662e-04   9.587652e-06   4.826919e-05   3.807084e-06   2.557059e-04   3.205454e-01   6.652954e-01   9.118429e-04
   1.986793e+33   9.862964e+07   2.077842e-06   3.840035e-04   3.000002e-30   1.090400e-02   1.036946e-06   0.000000e+00   1.836137e-06   2.173960e-08   2.243071e-06   7.243459e-04   5.756724e-04   2.753075e-04   2.547715e-04   1.005571e-05   5.094503e-05   3.453354e-06   2.717335e-04   3.297798e-01   6.557819e-01   9.768237e-04
   1.994131e+33   9.894349e+07   3.274997e-06   4.378960e-04   3.000001e-30   1.340016e-02   1.407967e-06   0.000000e+00   2.379828e-06   2.877473e-08   2.640989e-06   7.403439e-04   5.582383e-04   2.566827e-04   2.239848e-04   9.008877e-06   4.232057e-05   3.254658e-06   2.075088e-04   2.825640e-01   7.008716e-01   6.752706e-04
   2.002269e+33   9.929346e+07   3.388799e-06   4.437324e-04   3.000002e-30   1.365939e-02   1.439089e-06   2.642353e-27   2.424052e-06   2.929448e-08   2.670509e-06   7.426505e-04   5.576395e-04   2.554566e-04   2.218683e-04   8.911608e-06   4.162626e-05   3.138400e-06   2.028461e-04   2.793130e-01   7.038843e-01   6.555009e-04
   2.007876e+33   9.953721e+07   4.894246e-06   4.711800e-04   3.000001e-30   1.574863e-02   1.756143e-06   1.784701e-26   2.831689e-06   3.445879e-08   2.854022e-06   7.081212e-04   5.067351e-04   2.234552e-04   1.841194e-04   7.435268e-06   3.254472e-05   3.414133e-06   1.476640e-04   2.358355e-01   7.456797e-01   4.391570e-04
   2.015619e+33   9.987579e+07   5.440791e-06   4.767008e-04   3.000001e-30   1.638128e-02   1.843408e-06   0.000000e+00   2.931803e-06   3.562776e-08   2.873848e-06   6.913167e-04   4.873241e-04   2.121855e-04   1.720041e-04   6.930231e-06   2.974964e-05   3.536650e-06   1.321655e-04   2.228442e-01   7.581657e-01   3.837363e-04
   2.022294e+33   1.001704e+08   7.217784e-06   4.843938e-04   3.000001e-30   1.799773e-02   2.077674e-06   3.032037e-30   3.179623e-06   3.852040e-08   2.884874e-06   6.366154e-04   4.306271e-04   1.811093e-04   1.403903e-04   5.631910e-06   2.290098e-05   3.787983e-06   9.603669e-05   1.890923e-01   7.906317e-01   2.613731e-04
   2.027634e+33   1.004071e+08   7.544618e-06   4.881654e-04   3.000001e-30   1.833909e-02   2.121331e-06   0.000000e+00   3.227999e-06   3.905236e-08   2.895058e-06   6.314175e-04   4.244183e-04   1.774973e-04   1.366392e-04   5.470181e-06   2.205924e-05   3.791937e-06   9.169976e-05   1.846895e-01   7.947273e-01   2.471776e-04
   2.030304e+33   1.005258e+08   7.772310e-06   4.905761e-04   3.000001e-30   1.856903e-02   2.150551e-06   4.855894e-31   3.259824e-06   3.939823e-08   2.900740e-06   6.276931e-04   4.201116e-04   1.750272e-04   1.341071e-04   5.361091e-06   2.149847e-05   3.794875e-06   8.884244e-05   1.817354e-01   7.974745e-01   2.379277e-04
   2.032974e+33   1.006448e+08   8.090391e-06   4.917800e-04   3.000001e-30   1.882848e-02   2.185164e-06   0.000000e+00   3.293724e-06   3.976168e-08   2.898049e-06   6.198693e-04   4.123781e-04   1.709041e-04   1.300935e-04   5.192867e-06   2.066125e-05   3.816138e-06   8.468142e-05   1.773411e-01   8.016498e-01   2.247332e-04
   2.034309e+33   1.007044e+08   8.260615e-06   4.929507e-04   3.000001e-30   1.897864e-02   2.204879e-06   4.678696e-31   3.314110e-06   3.998326e-08   2.899503e-06   6.165860e-04   4.089394e-04   1.690238e-04   1.282334e-04   5.114284e-06   2.026736e-05   3.820488e-06   8.271791e-05   1.752208e-01   8.036377e-01   2.185068e-04
   2.035582e+33   1.007613e+08   8.671514e-06   4.924008e-04   3.000001e-30   1.924883e-02   2.241432e-06   6.927247e-31   3.344672e-06   4.028915e-08   2.884299e-06   6.043722e-04   3.977885e-04   1.633308e-04   1.229004e-04   4.892927e-06   1.920126e-05   3.860911e-06   7.756590e-05   1.695796e-01   8.090655e-01   2.025937e-04
   2.036445e+33   1.008006e+08   2.702357e-05   3.776470e-04   3.000001e-30   2.341152e-02   2.621037e-06   0.000000e+00   3.174733e-06   3.509775e-08   1.825167e-06   2.673815e-04   1.425376e-04   4.844448e-05   2.919687e-05   1.065052e-06   3.243689e-06   4.975323e-06   1.007329e-05   5.995520e-02   9.156942e-01   1.979817e-05
   2.037246e+33   1.008370e+08   2.814239e-05   3.727211e-04   3.000001e-30   2.353372e-02   2.623928e-06   0.000000e+00   3.152115e-06   3.469236e-08   1.783609e-06   2.580312e-04   1.364262e-04   4.601681e-05   2.749666e-05   9.984413e-07   3.011949e-06   4.992460e-06   9.262118e-06   5.742928e-02   9.181243e-01   1.801394e-05
   2.038848e+33   1.009099e+08   2.751209e-05   3.761819e-04   3.000001e-30   2.349988e-02   2.624625e-06   2.969427e-31   3.168002e-06   3.494455e-08   1.809026e-06   2.637191e-04   1.400884e-04   4.745212e-05   2.849277e-05   1.036821e-06   3.144864e-06   4.968495e-06   9.725488e-06   5.889716e-02   9.166740e-01   1.903001e-05
   2.042052e+33   1.010558e+08   2.691523e-05   3.815648e-04   3.000001e-30   2.353952e-02   2.636920e-06   2.493826e-31   3.199789e-06   3.539739e-08   1.845665e-06   2.711784e-04   1.447851e-04   4.927111e-05   2.973963e-05   1.085088e-06   3.310143e-06   4.923794e-06   1.029673e-05   6.063315e-02   9.148763e-01   2.027354e-05
   2.048460e+33   1.013485e+08   2.568070e-05   3.921749e-04   3.000001e-30   2.358560e-02   2.656047e-06   0.000000e+00   3.258391e-06   3.624741e-08   1.918894e-06   2.866792e-04   1.546805e-04   5.314299e-05   3.242592e-05   1.189221e-06   3.671516e-06   4.835623e-06   1.156208e-05   6.433186e-02   9.110856e-01   2.306557e-05
   2.054868e+33   1.016423e+08   2.402488e-05   4.068741e-04   3.000001e-30   2.362170e-02   2.678242e-06   3.088367e-32   3.335854e-06   3.739029e-08   2.022104e-06   3.092842e-04   1.693438e-04   5.895772e-05   3.652219e-05   1.348851e-06   4.234867e-06   4.716806e-06   1.356821e-05   6.981004e-02   9.055037e-01   2.757162e-05
   2.070887e+33   1.023810e+08   2.155389e-05   4.312396e-04   3.000001e-30   2.366346e-02   2.708128e-06   3.225241e-30   3.455951e-06   3.918024e-08   2.194140e-06   3.487915e-04   1.955179e-04   6.952225e-05   4.412442e-05   1.646695e-06   5.311960e-06   4.517294e-06   1.750015e-05   7.949726e-02   8.956545e-01   3.664079e-05
   2.099718e+33   1.037275e+08   1.758415e-05   4.769742e-04   3.000000e-30   2.364612e-02   2.738075e-06   4.829967e-31   3.650571e-06   4.215286e-08   2.520200e-06   4.308658e-04   2.520334e-04   9.306891e-05   6.173230e-05   2.341931e-06   7.940140e-06   4.136010e-06   2.753643e-05   1.001781e-01   8.747317e-01   6.093575e-05
   2.138160e+33   1.055579e+08   1.336194e-05   5.370456e-04   3.000000e-30   2.342610e-02   2.721392e-06   0.000000e+00   3.834972e-06   4.509593e-08   2.945112e-06   5.560586e-04   3.433874e-04   1.329155e-04   9.328166e-05   3.593336e-06   1.299967e-05   3.616236e-06   4.821795e-05   1.332411e-01   8.414639e-01   1.148012e-04
   2.161599e+33   1.066938e+08   1.023116e-05   5.855705e-04   3.000001e-30   2.284826e-02   2.627656e-06   1.180031e-30   3.888559e-06   4.622566e-08   3.283575e-06   6.821165e-04   4.421697e-04   1.783400e-04   1.317025e-04   5.115063e-06   1.964744e-05   3.162790e-06   7.757114e-05   1.696096e-01   8.051988e-01   1.978054e-04
   2.185038e+33   1.078474e+08   9.260737e-06   6.152184e-04   3.000001e-30   2.291555e-02   2.614342e-06   0.000000e+00   3.944886e-06   4.700110e-08   3.458261e-06   7.478968e-04   4.939803e-04   2.022977e-04   1.523382e-04   5.916714e-06   2.326171e-05   2.900910e-06   9.409713e-05   1.869106e-01   7.875702e-01   2.464874e-04
   2.206910e+33   1.089385e+08   7.712205e-06   6.411382e-04   3.000000e-30   2.232192e-02   2.499494e-06   5.442211e-31   3.886973e-06   4.639035e-08   3.614444e-06   8.350857e-04   5.684778e-04   2.385976e-04   1.855154e-04   7.202867e-06   2.943520e-05   2.624801e-06   1.240284e-04   2.149806e-01   7.597076e-01   3.400657e-04
   2.250655e+33   1.111671e+08   6.168474e-06   6.711869e-04   3.000000e-30   2.159722e-02   2.341623e-06   0.000000e+00   3.771800e-06   4.491839e-08   3.757609e-06   9.437193e-04   6.655673e-04   2.871328e-04   2.317396e-04   8.951343e-06   3.825866e-05   2.277650e-06   1.692763e-04   2.520020e-01   7.228754e-01   4.911984e-04
   2.272528e+33   1.123053e+08   4.998147e-06   6.946102e-04   3.000000e-30   2.084744e-02   2.175917e-06   1.650650e-26   3.616783e-06   4.284452e-08   3.832533e-06   1.041874e-03   7.583921e-04   3.350712e-04   2.796416e-04   1.071168e-05   4.769843e-05   1.969033e-06   2.207400e-04   2.884134e-01   6.866587e-01   6.751049e-04
   2.301435e+33   1.138354e+08   4.253417e-06   7.077184e-04   3.000001e-30   2.021323e-02   2.037579e-06   5.747271e-27   3.465162e-06   4.078764e-08   3.840684e-06   1.109818e-03   8.266443e-04   3.714192e-04   3.176652e-04   1.206109e-05   5.537235e-05   1.756476e-06   2.650289e-04   3.165242e-01   6.587380e-01   8.433905e-04
   2.315889e+33   1.146118e+08   3.711237e-06   7.156344e-04   3.000001e-30   1.964528e-02   1.916474e-06   0.000000e+00   3.320441e-06   3.882375e-08   3.817434e-06   1.161631e-03   8.815655e-04   4.014221e-04   3.502619e-04   1.318190e-05   6.206599e-05   1.591859e-06   3.054968e-04   3.402352e-01   6.352090e-01   1.004957e-03
   2.336748e+33   1.157461e+08   3.322668e-06   7.202531e-04   3.000001e-30   1.917222e-02   1.817198e-06   4.313926e-27   3.195067e-06   3.712533e-08   3.780876e-06   1.199956e-03   9.241561e-04   4.251776e-04   3.768975e-04   1.407084e-05   6.760134e-05   1.466967e-06   3.402887e-04   3.593981e-01   6.161980e-01   1.149685e-03
   2.353564e+33   1.166727e+08   2.951944e-06   7.231230e-04   3.000001e-30   1.865055e-02   1.710610e-06   0.000000e+00   3.054140e-06   3.522624e-08   3.724440e-06   1.236495e-03   9.669962e-04   4.496033e-04   4.051761e-04   1.498611e-05   7.354551e-05   1.343227e-06   3.790930e-04   3.796662e-01   5.961038e-01   1.317560e-03
   2.366376e+33   1.173862e+08   2.688275e-06   7.238655e-04   3.000001e-30   1.822806e-02   1.626532e-06   3.842829e-26   2.938664e-06   3.367917e-08   3.667774e-06   1.261868e-03   9.985602e-04   4.680052e-04   4.271718e-04   1.567518e-05   7.821401e-05   1.253034e-06   4.107086e-04   3.954561e-01   5.804601e-01   1.459514e-03
   2.378387e+33   1.180612e+08   2.498774e-06   7.250152e-04   3.000001e-30   1.791684e-02   1.563179e-06   0.000000e+00   2.850548e-06   3.249656e-08   3.622782e-06   1.282077e-03   1.023891e-03   4.828169e-04   4.450709e-04   1.622438e-05   8.200880e-05   1.180748e-06   4.369266e-04   4.080146e-01   5.679828e-01   1.579938e-03
   2.407214e+33   1.197058e+08   2.193401e-06   7.231059e-04   3.000001e-30   1.731841e-02   1.449324e-06   5.919037e-28   2.685579e-06   3.031238e-08   3.521281e-06   1.309760e-03   1.062679e-03   5.063557e-04   4.748488e-04   1.710079e-05   8.841987e-05   1.069789e-06   4.832333e-04   4.294670e-01   5.467364e-01   1.801704e-03
   2.432838e+33   1.211974e+08   1.842114e-06   7.174301e-04   3.000001e-30   1.651091e-02   1.302459e-06   7.087174e-27   2.464528e-06   2.742087e-08   3.365478e-06   1.338135e-03   1.108255e-03   5.351195e-04   5.131813e-04   1.816425e-05   9.676815e-05   9.362502e-07   5.469853e-04   4.574247e-01   5.190565e-01   2.123949e-03
   2.444715e+33   1.218986e+08   1.630359e-06   7.113118e-04   3.000001e-30   1.594247e-02   1.204162e-06   9.142494e-28   2.311441e-06   2.544488e-08   3.245063e-06   1.351828e-03   1.135358e-03   5.530745e-04   5.385644e-04   1.882197e-05   1.023609e-04   8.531137e-07   5.922479e-04   4.763506e-01   5.003287e-01   2.365397e-03
   2.456592e+33   1.226062e+08   1.504570e-06   7.060598e-04   3.000001e-30   1.556371e-02   1.141504e-06   3.190224e-28   2.211561e-06   2.416953e-08   3.160723e-06   1.357527e-03   1.150454e-03   5.635889e-04   5.542435e-04   1.920476e-05   1.058528e-04   8.038034e-07   6.218299e-04   4.883987e-01   4.884204e-01   2.529615e-03
   2.480346e+33   1.240409e+08   1.331148e-06   6.968699e-04   3.000001e-30   1.498904e-02   1.049797e-06   0.000000e+00   2.062489e-06   2.228441e-08   3.027693e-06   1.362383e-03   1.170257e-03   5.780824e-04   5.769858e-04   1.972641e-05   1.109562e-04   7.343727e-07   6.669953e-04   5.063147e-01   4.707157e-01   2.790072e-03
   2.492223e+33   1.247683e+08   1.180834e-06   6.872085e-04   3.000001e-30   1.444076e-02   9.651336e-07   0.000000e+00   1.922023e-06   2.052623e-08   2.895364e-06   1.363852e-03   1.186822e-03   5.908961e-04   5.982580e-04   2.017664e-05   1.157471e-04   6.716600e-07   7.115697e-04   5.234456e-01   4.537729e-01   3.058550e-03
   2.504100e+33   1.255025e+08   1.086753e-06   6.795831e-04   3.000001e-30   1.406047e-02   9.091469e-07   2.909236e-27   1.827387e-06   1.935566e-08   2.801732e-06   1.362096e-03   1.195821e-03   5.985481e-04   6.119456e-04   2.044180e-05   1.188664e-04   6.320847e-07   7.421037e-04   5.349297e-01   4.424231e-01   3.250032e-03
   2.532153e+33   1.272647e+08   9.404191e-07   6.648756e-04   3.000002e-30   1.340316e-02   8.171159e-07   2.299174e-27   1.668816e-06   1.741915e-08   2.637050e-06   1.354322e-03   1.207136e-03   6.096752e-04   6.338456e-04   2.081831e-05   1.239192e-04   5.696774e-07   7.945682e-04   5.542363e-01   4.233504e-01   3.594311e-03
   2.546180e+33   1.281597e+08   7.859023e-07   6.377941e-04   3.000002e-30   1.252292e-02   7.078136e-07   1.023669e-27   1.472829e-06   1.508326e-08   2.410844e-06   1.323545e-03   1.200877e-03   6.128051e-04   6.498957e-04   2.089329e-05   1.279258e-04   5.094485e-07   8.472300e-04   5.748424e-01   4.032214e-01   3.986374e-03
   2.560206e+33   1.290675e+08   7.540338e-07   6.506184e-04   3.000002e-30   1.255104e-02   6.974779e-07   2.073885e-28   1.460969e-06   1.490643e-08   2.420454e-06   1.354199e-03   1.235641e-03   6.327446e-04   6.749981e-04   2.158510e-05   1.331976e-04   4.722819e-07   8.899083e-04   5.854853e-01   3.921337e-01   4.231284e-03
   2.576383e+33   1.301248e+08   6.302372e-07   6.150128e-04   3.000002e-30   1.161809e-02   5.983943e-07   5.423478e-29   1.275648e-06   1.277019e-08   2.184590e-06   1.303328e-03   1.209472e-03   6.254246e-04   6.800437e-04   2.130076e-05   1.350920e-04   4.344294e-07   9.314162e-04   6.027437e-01   3.755107e-01   4.601242e-03
   2.592559e+33   1.311988e+08   5.894685e-07   6.158942e-04   3.000002e-30   1.145999e-02   5.706624e-07   0.000000e+00   1.226580e-06   1.217352e-08   2.132039e-06   1.309132e-03   1.223507e-03   6.350220e-04   6.958358e-04   2.156827e-05   1.383236e-04   4.026874e-07   9.660241e-04   6.129886e-01   3.650934e-01   4.847838e-03
   2.607869e+33   1.322279e+08   5.072847e-07   5.929447e-04   3.000002e-30   1.080386e-02   5.040066e-07   3.226052e-26   1.100194e-06   1.074481e-08   1.968072e-06   1.276884e-03   1.210699e-03   6.336096e-04   7.056060e-04   2.148439e-05   1.410199e-04   3.686806e-07   1.011443e-03   6.286985e-01   3.496572e-01   5.242334e-03
   2.623179e+33   1.332710e+08   4.528985e-07   5.812544e-04   3.000002e-30   1.039188e-02   4.607085e-07   0.000000e+00   1.018164e-06   9.820019e-09   1.863038e-06   1.262008e-03   1.210050e-03   6.372968e-04   7.185878e-04   2.157066e-05   1.441343e-04   3.356896e-07   1.055165e-03   6.418723e-01   3.364953e-01   5.606301e-03
   2.638488e+33   1.343259e+08   3.814505e-07   5.511185e-04   3.000003e-30   9.658629e-03   3.965535e-07   1.545567e-26   8.914091e-07   8.435479e-09   1.683016e-06   1.213056e-03   1.181607e-03   6.278764e-04   7.207090e-04   2.119211e-05   1.453309e-04   3.065586e-07   1.096241e-03   6.572095e-01   3.215314e-01   6.039697e-03
   2.653798e+33   1.353983e+08   3.595278e-07   5.566994e-04   3.000003e-30   9.587781e-03   3.823529e-07   0.000000e+00   8.663219e-07   8.140706e-09   1.658880e-06   1.226800e-03   1.202923e-03   6.415263e-04   7.416182e-04   2.161642e-05   1.497418e-04   2.822850e-07   1.142598e-03   6.673090e-01   3.110328e-01   6.383389e-03
   2.662945e+33   1.360446e+08   3.084395e-07   5.283159e-04   3.000003e-30   8.955781e-03   3.331389e-07   3.140189e-26   7.661135e-07   7.075961e-09   1.507462e-06   1.177692e-03   1.170718e-03   6.291462e-04   7.387284e-04   2.113782e-05   1.498164e-04   2.642363e-07   1.173768e-03   6.795567e-01   2.991242e-01   6.770735e-03
   2.672093e+33   1.366970e+08   2.944616e-07   5.273330e-04   3.000003e-30   8.852509e-03   3.216734e-07   0.000000e+00   7.438199e-07   6.830213e-09   1.477951e-06   1.176897e-03   1.175386e-03   6.332023e-04   7.472969e-04   2.123727e-05   1.516493e-04   2.525120e-07   1.198393e-03   6.854455e-01   2.930821e-01   6.985351e-03
   2.690387e+33   1.380187e+08   2.641414e-07   5.126340e-04   3.000003e-30   8.489699e-03   2.922234e-07   5.281787e-26   6.833155e-07   6.189317e-09   1.385180e-06   1.149878e-03   1.159742e-03   6.279609e-04   7.493635e-04   2.097576e-05   1.522797e-04   2.372101e-07   1.226663e-03   6.950064e-01   2.835827e-01   7.318863e-03
   2.708682e+33   1.393614e+08   2.199743e-07   4.865128e-04   3.000003e-30   7.877598e-03   2.487994e-07   1.501381e-25   5.926553e-07   5.255209e-09   1.242126e-06   1.102880e-03   1.130874e-03   6.178919e-04   7.512283e-04   2.054757e-05   1.533376e-04   2.154339e-07   1.275110e-03   7.102698e-01   2.684055e-01   7.906202e-03
   2.726977e+33   1.407261e+08   1.829613e-07   4.611468e-04   3.000003e-30   7.302649e-03   2.113093e-07   2.154006e-24   5.128419e-07   4.449783e-09   1.111206e-06   1.055801e-03   1.100533e-03   6.066853e-04   7.514227e-04   2.007497e-05   1.540008e-04   1.961884e-07   1.322123e-03   7.248821e-01   2.538215e-01   8.519675e-03
   2.738428e+33   1.415917e+08   1.569222e-07   4.415076e-04   3.000003e-30   6.857948e-03   1.846650e-07   0.000000e+00   4.553024e-07   3.880652e-09   1.014281e-06   1.019303e-03   1.077087e-03   5.981939e-04   7.524067e-04   1.971718e-05   1.547580e-04   1.775852e-07   1.364230e-03   7.368445e-01   2.417927e-01   9.075700e-03
   2.749879e+33   1.424697e+08   1.513931e-07   4.488877e-04   3.000003e-30   6.869072e-03   1.816533e-07   1.503468e-24   4.503564e-07   3.822097e-09   1.012709e-06   1.034632e-03   1.097906e-03   6.111609e-04   7.721197e-04   2.012062e-05   1.589171e-04   1.660606e-07   1.410932e-03   7.434642e-01   2.346432e-01   9.466867e-03
   2.772782e+33   1.442516e+08   1.224273e-07   4.174777e-04   3.000002e-30   6.250984e-03   1.496467e-07   0.000000e+00   3.790632e-07   3.136467e-09   8.841212e-07   9.747927e-04   1.053135e-03   5.918433e-04   7.631669e-04   1.935787e-05   1.576884e-04   1.520520e-07   1.451082e-03   7.571932e-01   2.209594e-01   1.016622e-02
   2.782500e+33   1.450186e+08   1.010018e-07   3.929109e-04   3.000002e-30   5.753515e-03   1.261732e-07   0.000000e+00   3.262113e-07   2.638384e-09   7.866558e-07   9.291145e-04   1.020125e-03   5.782142e-04   7.594135e-04   1.879911e-05   1.574509e-04   1.392383e-07   1.496339e-03   7.698239e-01   2.081708e-01   1.089796e-02
   2.792218e+33   1.457950e+08   9.682584e-08   3.943711e-04   3.000001e-30   5.711708e-03   1.225220e-07   1.203603e-24   3.186110e-07   2.561679e-09   7.752034e-07   9.322522e-04   1.027654e-03   5.835664e-04   7.697734e-04   1.892153e-05   1.595270e-04   1.330803e-07   1.527747e-03   7.745816e-01   2.030608e-01   1.123057e-02
   2.811654e+33   1.473684e+08   8.075211e-08   3.716780e-04   3.000000e-30   5.273718e-03   1.043477e-07   0.000000e+00   2.768784e-07   2.177787e-09   6.946259e-07   8.907917e-04   9.964533e-04   5.701809e-04   7.644904e-04   1.835968e-05   1.587235e-04   1.236720e-07   1.565976e-03   7.855752e-01   1.918742e-01   1.193893e-02
   2.831089e+33   1.489728e+08   6.522412e-08   3.512251e-04   3.000001e-30   4.834449e-03   8.736798e-08   2.000471e-24   2.378654e-07   1.823813e-09   6.191495e-07   8.564159e-04   9.747066e-04   5.628067e-04   7.689572e-04   1.797002e-05   1.599270e-04   1.115127e-07   1.633645e-03   7.995251e-01   1.773137e-01   1.299999e-02
   2.840807e+33   1.497868e+08   5.489257e-08   3.375758e-04   2.999999e-30   4.515600e-03   7.636060e-08   1.131609e-24   2.125131e-07   1.598391e-09   5.700540e-07   8.367870e-04   9.657756e-04   5.619034e-04   7.794878e-04   1.784488e-05   1.625344e-04   1.008732e-07   1.706789e-03   8.109527e-01   1.651123e-01   1.404972e-02
   2.850525e+33   1.506118e+08   5.276968e-08   3.433816e-04   2.999999e-30   4.514435e-03   7.521312e-08   6.614605e-25   2.107435e-07   1.578449e-09   5.706472e-07   8.512551e-04   9.864960e-04   5.752740e-04   8.013509e-04   1.824794e-05   1.672019e-04   9.615356e-08   1.768174e-03   8.161893e-01   1.591043e-01   1.467954e-02
   2.865848e+33   1.519256e+08   4.288211e-08   3.145582e-04   2.999999e-30   4.069827e-03   6.228943e-08   7.780577e-26   1.791621e-07   1.305408e-09   5.002543e-07   8.007231e-04   9.409520e-04   5.520864e-04   7.812079e-04   1.728648e-05   1.625402e-04   9.319454e-08   1.773890e-03   8.243617e-01   1.509078e-01   1.531659e-02
   2.881170e+33   1.532582e+08   3.447730e-08   2.909166e-04   3.000001e-30   3.675510e-03   5.180831e-08   0.000000e+00   1.535936e-07   1.087442e-09   4.431782e-07   7.636861e-04   9.105007e-04   5.375736e-04   7.730909e-04   1.659765e-05   1.602998e-04   8.896275e-08   1.807491e-03   8.339128e-01   1.408972e-01   1.625357e-02
   2.896493e+33   1.546104e+08   2.756361e-08   2.685266e-04   3.000000e-30   3.308022e-03   4.312649e-08   0.000000e+00   1.321806e-07   9.081390e-10   3.940029e-07   7.314831e-04   8.843075e-04   5.250126e-04   7.669486e-04   1.595321e-05   1.582180e-04   8.519338e-08   1.842951e-03   8.431223e-01   1.311176e-01   1.725798e-02
   2.911815e+33   1.559870e+08   2.342496e-08   2.599812e-04   2.999999e-30   3.107075e-03   3.851155e-08   0.000000e+00   1.212129e-07   8.155935e-10   3.706613e-07   7.269182e-04   8.882400e-04   5.297583e-04   7.830564e-04   1.592521e-05   1.610505e-04   8.038396e-08   1.920992e-03   8.515192e-01   1.215617e-01   1.852547e-02
