1087   20
1.0d0 1.0d0 3.0d0 4.0d0 12.0d0 14.0d0 16.0d0 20.0d0 24.0d0 28.0d0 32.0d0 36.0d0 40.0d0 44.0d0 48.0d0 56.0d0 52.0d0 54.0d0 56.0d0 56.0d0
0.0d0 1.0d0 2.0d0 2.0d0 6.0d0 7.0d0 8.0d0 10.0d0 12.0d0 14.0d0 16.0d0 18.0d0 20.0d0 22.0d0 24.0d0 24.0d0 26.0d0 26.0d0 26.0d0 28.0d0
   5.826358e+26   3.235544e+05   4.409545e-03   2.803407e-06   3.000077e-30   3.945502e-03   3.295687e-07   7.307211e-33   9.467663e-08   8.607066e-10   4.877974e-09   6.010261e-08   8.999481e-09   1.076239e-09   1.775019e-10   5.764423e-12   4.137034e-12   5.043610e-03   3.018572e-12   1.891390e-05   9.865791e-01   1.216702e-12
   1.165273e+27   4.076559e+05   4.409191e-03   2.803525e-06   3.000077e-30   3.945539e-03   3.295705e-07   7.307973e-33   9.467885e-08   8.607174e-10   4.878197e-09   6.010765e-08   9.000382e-09   1.076360e-09   1.775249e-10   5.765140e-12   4.137633e-12   5.043469e-03   3.019069e-12   1.891565e-05   9.865796e-01   1.216929e-12
   2.330547e+27   5.136204e+05   4.408771e-03   2.803667e-06   3.000077e-30   3.945585e-03   3.295728e-07   7.308889e-33   9.468156e-08   8.607311e-10   4.878467e-09   6.011370e-08   9.001461e-09   1.076504e-09   1.775525e-10   5.765999e-12   4.138350e-12   5.043301e-03   3.019663e-12   1.891773e-05   9.865801e-01   1.217202e-12
   4.661098e+27   6.471336e+05   4.408105e-03   2.803892e-06   3.000077e-30   3.945658e-03   3.295765e-07   7.310345e-33   9.468586e-08   8.607528e-10   4.878895e-09   6.012330e-08   9.003173e-09   1.076734e-09   1.775963e-10   5.767363e-12   4.139488e-12   5.043034e-03   3.020607e-12   1.892104e-05   9.865810e-01   1.217634e-12
   9.322199e+27   8.153621e+05   4.407048e-03   2.804249e-06   3.000077e-30   3.945774e-03   3.295824e-07   7.312654e-33   9.469269e-08   8.607873e-10   4.879575e-09   6.013855e-08   9.005893e-09   1.077098e-09   1.776658e-10   5.769528e-12   4.141296e-12   5.042611e-03   3.022105e-12   1.892629e-05   9.865823e-01   1.218320e-12
   1.864440e+28   1.027342e+06   4.405370e-03   2.804817e-06   3.000077e-30   3.945958e-03   3.295917e-07   7.316320e-33   9.470351e-08   8.608419e-10   4.880653e-09   6.016276e-08   9.010211e-09   1.077676e-09   1.777762e-10   5.772968e-12   4.144167e-12   5.041940e-03   3.024486e-12   1.893462e-05   9.865845e-01   1.219410e-12
   3.728881e+28   1.294468e+06   4.402706e-03   2.805717e-06   3.000077e-30   3.946250e-03   3.296063e-07   7.322139e-33   9.472068e-08   8.609284e-10   4.882365e-09   6.020120e-08   9.017070e-09   1.078595e-09   1.779515e-10   5.778432e-12   4.148730e-12   5.040874e-03   3.028268e-12   1.894787e-05   9.865879e-01   1.221142e-12
   7.457762e+28   1.631127e+06   4.398549e-03   2.807157e-06   3.000077e-30   3.946739e-03   3.296325e-07   7.331248e-33   9.474862e-08   8.610739e-10   4.885108e-09   6.026226e-08   9.027945e-09   1.080051e-09   1.782290e-10   5.787077e-12   4.155940e-12   5.039185e-03   3.034240e-12   1.896875e-05   9.865933e-01   1.223876e-12
   1.491553e+29   2.055488e+06   4.392774e-03   2.809569e-06   3.000077e-30   3.947817e-03   3.297095e-07   7.344291e-33   9.480125e-08   8.614046e-10   4.889771e-09   6.035920e-08   9.044981e-09   1.082313e-09   1.786557e-10   5.800397e-12   4.166930e-12   5.036030e-03   3.043268e-12   1.900012e-05   9.866011e-01   1.227976e-12
   2.983105e+29   2.590548e+06   4.381019e-03   2.813001e-06   3.000077e-30   3.948561e-03   3.297181e-07   7.369474e-33   9.485832e-08   8.616096e-10   4.896198e-09   6.051372e-08   9.072902e-09   1.086082e-09   1.793819e-10   5.822981e-12   4.185977e-12   5.031199e-03   3.059186e-12   1.905590e-05   9.866169e-01   1.235322e-12
   5.052289e+29   3.088973e+06   4.368403e-03   2.817668e-06   3.000077e-30   3.950309e-03   3.298232e-07   7.397324e-33   9.495226e-08   8.621318e-10   4.905121e-09   6.070875e-08   9.107531e-09   1.090709e-09   1.802621e-10   5.850398e-12   4.208802e-12   5.025183e-03   3.078072e-12   1.912151e-05   9.866337e-01   1.243960e-12
   7.121474e+29   3.464463e+06   4.355238e-03   2.822077e-06   3.000077e-30   3.951671e-03   3.298850e-07   7.425931e-33   9.503433e-08   8.625255e-10   4.913469e-09   6.089934e-08   9.141659e-09   1.095292e-09   1.811398e-10   5.877696e-12   4.231687e-12   5.019311e-03   3.097114e-12   1.918769e-05   9.866513e-01   1.252716e-12
   1.125984e+30   4.038188e+06   4.540173e-03   2.858681e-06   3.000075e-30   4.028352e-03   3.387533e-07   7.116276e-33   9.718504e-08   8.877472e-10   4.999700e-09   6.111249e-08   9.121639e-09   1.087958e-09   1.786429e-10   5.805320e-12   4.141859e-12   5.013418e-03   3.003510e-12   1.882150e-05   9.863959e-01   1.201998e-12
   1.953658e+30   4.856843e+06   4.955057e-03   2.929889e-06   3.000071e-30   4.188117e-03   3.573429e-07   6.660847e-33   1.015855e-07   9.402675e-10   5.168575e-09   6.134488e-08   9.045084e-09   1.068335e-09   1.727607e-10   5.630283e-12   3.940495e-12   4.996981e-03   2.802180e-12   1.803117e-05   9.858383e-01   1.096488e-12
   3.609005e+30   5.968234e+06   4.902708e-03   2.949309e-06   3.000070e-30   4.196155e-03   3.579295e-07   6.876057e-33   1.020128e-07   9.429651e-10   5.206846e-09   6.211952e-08   9.179854e-09   1.086087e-09   1.760580e-10   5.734039e-12   4.024248e-12   4.973197e-03   2.869410e-12   1.827007e-05   9.859062e-01   1.126206e-12
   6.919700e+30   7.432328e+06   4.817838e-03   2.981028e-06   3.000070e-30   4.208985e-03   3.588401e-07   7.146182e-33   1.027002e-07   9.472165e-10   5.269195e-09   6.339949e-08   9.403418e-09   1.115612e-09   1.815643e-10   5.906971e-12   4.164502e-12   4.934743e-03   2.982491e-12   1.866677e-05   9.860162e-01   1.176433e-12
   1.354109e+31   9.332624e+06   4.734419e-03   3.039828e-06   3.000068e-30   4.247938e-03   3.624420e-07   7.429345e-33   1.043036e-07   9.600625e-10   5.388361e-09   6.548637e-08   9.755383e-09   1.161089e-09   1.898176e-10   6.166741e-12   4.369237e-12   4.746935e-03   3.143799e-12   1.921351e-05   9.862479e-01   1.246612e-12
   2.197695e+31   1.101225e+07   4.696723e-03   3.121894e-06   3.000066e-30   4.318700e-03   3.695684e-07   7.586150e-33   1.069053e-07   9.834922e-10   5.558722e-09   6.807305e-08   1.017501e-08   1.213902e-09   1.990679e-10   6.458902e-12   4.590340e-12   4.577886e-03   3.311850e-12   1.975571e-05   9.863833e-01   1.317169e-12
   3.156589e+31   1.247509e+07   4.601625e-03   3.199053e-06   3.000064e-30   4.370421e-03   3.743633e-07   7.525752e-33   1.090144e-07   1.000459e-09   5.715558e-09   7.084361e-08   1.064437e-08   1.274732e-09   2.101629e-10   6.806517e-12   4.865867e-12   4.406363e-03   3.530113e-12   2.045828e-05   9.865974e-01   1.412741e-12
   4.618439e+31   1.424051e+07   4.489055e-03   3.293457e-06   3.000062e-30   4.432572e-03   3.800713e-07   7.753035e-33   1.115603e-07   1.020735e-09   5.907329e-09   7.429649e-08   1.123313e-08   1.351373e-09   2.242348e-10   7.245890e-12   5.216788e-12   4.208138e-03   3.810084e-12   2.133252e-05   9.868450e-01   1.536299e-12
   7.423299e+31   1.683830e+07   4.315755e-03   3.445722e-06   3.000059e-30   4.530350e-03   3.889196e-07   9.359434e-33   1.155866e-07   1.052316e-09   6.216150e-09   8.001074e-08   1.221638e-08   1.480152e-09   2.481023e-10   7.987304e-12   5.815389e-12   3.911874e-03   4.292505e-12   2.277653e-05   9.872152e-01   1.751595e-12
   1.032435e+32   1.895747e+07   4.080229e-03   3.615931e-06   3.000055e-30   4.622123e-03   3.963393e-07   1.021861e-32   1.196007e-07   1.080407e-09   6.554751e-09   8.697954e-08   1.344935e-08   1.644558e-09   2.793776e-10   8.948276e-12   6.614771e-12   3.588909e-03   4.954048e-12   2.466419e-05   9.876798e-01   2.055089e-12
   1.755545e+32   2.307148e+07   3.794661e-03   3.926612e-06   3.000051e-30   4.812252e-03   4.127248e-07   4.829196e-33   1.273788e-07   1.138791e-09   7.178649e-09   9.948784e-08   1.565899e-08   1.939021e-09   3.355125e-10   1.065886e-11   8.042910e-12   3.136574e-03   6.141975e-12   2.777531e-05   9.882241e-01   2.604503e-12
   2.163714e+32   2.498072e+07   3.523995e-03   4.226929e-06   3.000047e-30   4.980105e-03   4.261103e-07   7.752765e-33   1.343338e-07   1.187407e-09   7.772623e-09   1.124562e-07   1.800634e-08   2.256757e-09   3.975864e-10   1.252209e-11   9.644032e-12   2.734091e-03   7.509515e-12   3.106657e-05   9.887258e-01   3.255499e-12
   2.699614e+32   2.722694e+07   3.276489e-03   4.455594e-06   3.000043e-30   5.082506e-03   4.322400e-07   4.881361e-34   1.387238e-07   1.211471e-09   8.205307e-09   1.234845e-07   2.007461e-08   2.542824e-09   4.553879e-10   1.422170e-11   1.116418e-11   2.450503e-03   8.854648e-12   3.410170e-05   9.891512e-01   3.920056e-12
   3.059546e+32   2.861462e+07   3.080301e-03   4.666327e-06   3.000042e-30   5.178442e-03   4.377916e-07   5.888281e-33   1.426666e-07   1.232566e-09   8.598372e-09   1.338927e-07   2.204832e-08   2.817626e-09   5.116488e-10   1.585290e-11   1.264820e-11   2.217424e-03   1.018954e-11   3.693169e-05   9.894815e-01   4.592240e-12
   3.646703e+32   3.072794e+07   2.877241e-03   4.880249e-06   3.000041e-30   5.265529e-03   4.414653e-07   5.305785e-33   1.461637e-07   1.247176e-09   8.982071e-09   1.451437e-07   2.422810e-08   3.124896e-09   5.759210e-10   1.768281e-11   1.435808e-11   1.999575e-03   1.176494e-11   4.010379e-05   9.898119e-01   5.406409e-12
   4.131934e+32   3.236530e+07   2.674432e-03   5.111730e-06   3.000038e-30   5.356625e-03   4.444469e-07   1.142425e-32   1.496190e-07   1.258954e-09   9.383286e-09   1.578094e-07   2.672093e-08   3.479374e-09   6.513571e-10   1.979026e-11   1.637214e-11   1.783450e-03   1.365972e-11   4.371467e-05   9.901359e-01   6.408856e-12
   4.525285e+32   3.363630e+07   2.511764e-03   5.285653e-06   3.000037e-30   5.414008e-03   4.444349e-07   5.343777e-33   1.516183e-07   1.259975e-09   9.663954e-09   1.680802e-07   2.879333e-08   3.778014e-09   7.164668e-10   2.156674e-11   1.812335e-11   1.625049e-03   1.535255e-11   4.680578e-05   9.903963e-01   7.330691e-12
   5.119430e+32   3.548105e+07   2.339440e-03   5.472587e-06   3.000036e-30   5.470018e-03   4.429367e-07   5.343119e-33   1.533195e-07   1.255589e-09   9.946419e-09   1.796880e-07   3.117836e-08   4.124870e-09   7.935232e-10   2.362214e-11   2.020130e-11   1.464855e-03   1.740695e-11   5.041035e-05   9.906690e-01   8.477328e-12
   5.632783e+32   3.701604e+07   2.163615e-03   5.667213e-06   3.000035e-30   5.522597e-03   4.396725e-07   6.753812e-33   1.545547e-07   1.244688e-09   1.021554e-08   1.924258e-07   3.384705e-08   4.516582e-09   8.823336e-10   2.592726e-11   2.259811e-11   1.303919e-03   1.983641e-11   5.450551e-05   9.909489e-01   9.870783e-12
   5.991782e+32   3.806321e+07   2.033345e-03   5.806912e-06   3.000034e-30   5.553606e-03   4.355405e-07   5.759888e-33   1.549066e-07   1.230473e-09   1.038462e-08   2.021849e-07   3.593704e-08   4.826410e-09   9.541266e-10   2.773553e-11   2.453643e-11   1.190468e-03   2.185314e-11   5.780133e-05   9.911581e-01   1.106022e-11
   6.420114e+32   3.928945e+07   1.921647e-03   5.924867e-06   3.000033e-30   5.575725e-03   4.308198e-07   2.035689e-33   1.548191e-07   1.214053e-09   1.050869e-08   2.108471e-07   3.782463e-08   5.108270e-09   1.020591e-09   2.936478e-11   2.632770e-11   1.096131e-03   2.375759e-11   6.084320e-05   9.913389e-01   1.220968e-11
   7.018159e+32   4.096724e+07   1.782285e-03   6.060877e-06   3.000032e-30   5.591801e-03   4.227969e-07   1.710500e-33   1.539475e-07   1.186125e-09   1.061576e-08   2.216550e-07   4.023751e-08   5.472056e-09   1.108361e-09   3.144002e-11   2.868732e-11   9.840630e-04   2.633631e-11   6.488693e-05   9.915700e-01   1.381122e-11
   7.266642e+32   4.165429e+07   1.667163e-03   6.138768e-06   3.000032e-30   5.579197e-03   4.130309e-07   1.274312e-33   1.519998e-07   1.152618e-09   1.061542e-08   2.293949e-07   4.205423e-08   5.751377e-09   1.178523e-09   3.300598e-11   3.057478e-11   9.001884e-04   2.849052e-11   6.825504e-05   9.917782e-01   1.520571e-11
   7.638526e+32   4.267389e+07   1.605935e-03   6.232781e-06   3.000032e-30   5.606019e-03   4.099241e-07   4.657532e-33   1.519158e-07   1.141094e-09   1.069895e-08   2.361841e-07   4.355861e-08   5.976590e-09   1.233100e-09   3.424751e-11   3.200712e-11   8.439713e-04   3.008412e-11   7.063155e-05   9.918663e-01   1.622081e-11
   8.297911e+32   4.446146e+07   1.481032e-03   6.308364e-06   3.000031e-30   5.582546e-03   3.965265e-07   9.000247e-34   1.487793e-07   1.095112e-09   1.063312e-08   2.448372e-07   4.567027e-08   6.304692e-09   1.318544e-09   3.600764e-11   3.426374e-11   7.564861e-04   3.278329e-11   7.478903e-05   9.920980e-01   1.805303e-11
   8.695908e+32   4.553046e+07   1.376958e-03   6.399427e-06   3.000031e-30   5.579478e-03   3.852187e-07   1.249649e-32   1.462147e-07   1.055858e-09   1.059404e-08   2.537863e-07   4.782632e-08   6.636667e-09   1.404965e-09   3.773169e-11   3.649456e-11   6.756828e-04   3.548323e-11   7.886971e-05   9.922818e-01   1.991702e-11
   9.247437e+32   4.700409e+07   1.286900e-03   6.460636e-06   3.000031e-30   5.564590e-03   3.734185e-07   1.218871e-32   1.431890e-07   1.015383e-09   1.050072e-08   2.609322e-07   4.962014e-08   6.915654e-09   1.480089e-09   3.911383e-11   3.839801e-11   6.092308e-04   3.788628e-11   8.254440e-05   9.924494e-01   2.164247e-11
   9.562463e+32   4.784297e+07   1.211977e-03   6.506972e-06   3.000029e-30   5.548986e-03   3.624534e-07   6.939220e-34   1.402222e-07   9.780103e-10   1.039122e-08   2.668216e-07   5.113636e-08   7.152188e-09   1.545253e-09   4.022808e-11   4.001086e-11   5.538404e-04   3.999064e-11   8.579702e-05   9.925921e-01   2.320122e-11
   1.020108e+33   4.954158e+07   1.120116e-03   6.489302e-06   3.000031e-30   5.482913e-03   3.449550e-07   1.084502e-32   1.348088e-07   9.201229e-10   1.010897e-08   2.704263e-07   5.230867e-08   7.345373e-09   1.605517e-09   4.099879e-11   4.145306e-11   4.973138e-04   4.211644e-11   8.936420e-05   9.928030e-01   2.492170e-11
   1.068954e+33   5.084179e+07   1.053546e-03   6.590322e-06   3.000031e-30   5.508084e-03   3.353432e-07   1.042507e-32   1.323785e-07   8.866073e-10   1.004473e-08   2.789176e-07   5.438568e-08   7.659720e-09   1.690452e-09   4.236599e-11   4.342258e-11   4.372418e-04   4.471193e-11   9.333641e-05   9.929004e-01   2.689055e-11
   1.111426e+33   5.197486e+07   9.733979e-04   6.514832e-06   3.000031e-30   5.414625e-03   3.158405e-07   4.848794e-33   1.258073e-07   8.237670e-10   9.645640e-09   2.788961e-07   5.487736e-08   7.754505e-09   1.728825e-09   4.242196e-11   4.414147e-11   3.932685e-04   4.619247e-11   9.645337e-05   9.931149e-01   2.837024e-11
   1.167268e+33   5.347188e+07   9.242434e-04   6.584852e-06   3.000031e-30   5.432612e-03   3.067965e-07   3.700511e-33   1.232068e-07   7.930234e-10   9.535943e-09   2.847742e-07   5.642129e-08   7.988697e-09   1.793904e-09   4.323374e-11   4.546922e-11   3.506527e-04   4.812315e-11   9.976057e-05   9.931854e-01   3.000049e-11
   1.214860e+33   5.475566e+07   8.403975e-04   6.429941e-06   3.000032e-30   5.291936e-03   2.821625e-07   7.969887e-33   1.144177e-07   7.161302e-10   8.954010e-09   2.806177e-07   5.614302e-08   7.971404e-09   1.810104e-09   4.246609e-11   4.544537e-11   3.092445e-04   4.901019e-11   1.027533e-04   9.934485e-01   3.131691e-11
   1.247312e+33   5.563682e+07   8.108940e-04   6.494725e-06   3.000032e-30   5.320530e-03   2.762151e-07   6.975129e-33   1.126781e-07   6.960062e-10   8.878434e-09   2.851163e-07   5.730658e-08   8.143177e-09   1.857908e-09   4.295180e-11   4.630556e-11   2.802809e-04   5.033096e-11   1.052055e-04   9.934758e-01   3.250173e-11
   1.311382e+33   5.739319e+07   7.516078e-04   6.392795e-06   3.000033e-30   5.230659e-03   2.577899e-07   6.422023e-33   1.060326e-07   6.394564e-10   8.433622e-09   2.822423e-07   5.715942e-08   8.133801e-09   1.871740e-09   4.222469e-11   4.615669e-11   2.480545e-04   5.092789e-11   1.077324e-04   9.936548e-01   3.355049e-11
   1.343475e+33   5.828186e+07   6.839189e-04   6.174050e-06   3.000035e-30   5.064656e-03   2.339011e-07   5.342522e-33   9.703313e-08   5.687916e-10   7.793727e-09   2.735590e-07   5.586353e-08   7.959980e-09   1.849846e-09   4.055502e-11   4.506339e-11   2.184304e-04   5.061978e-11   1.096825e-04   9.939165e-01   3.415055e-11
   1.408578e+33   6.010904e+07   6.588471e-04   6.278418e-06   3.000034e-30   5.122567e-03   2.287883e-07   4.639910e-33   9.559875e-08   5.521322e-10   7.744983e-09   2.797158e-07   5.740174e-08   8.182162e-09   1.910857e-09   4.114449e-11   4.608370e-11   1.915934e-04   5.220659e-11   1.127647e-04   9.939073e-01   3.562932e-11
   1.458325e+33   6.152840e+07   5.939077e-04   6.098941e-06   3.000036e-30   4.976923e-03   2.064578e-07   3.569106e-33   8.722416e-08   4.888536e-10   7.165460e-09   2.732916e-07   5.663233e-08   8.086846e-09   1.909941e-09   3.982462e-11   4.543876e-11   1.627374e-04   5.252591e-11   1.158393e-04   9.941439e-01   3.681540e-11
   1.501470e+33   6.277863e+07   5.593902e-04   6.129526e-06   3.000036e-30   4.969702e-03   1.974934e-07   4.250741e-33   8.421757e-08   4.641576e-10   7.007261e-09   2.770517e-07   5.782945e-08   8.274230e-09   1.969414e-09   4.025505e-11   4.648354e-11   1.421184e-04   5.442951e-11   1.197196e-04   9.942023e-01   3.879320e-11
   1.547031e+33   6.412046e+07   5.198750e-04   6.177885e-06   3.000035e-30   4.949068e-03   1.885625e-07   1.756387e-33   8.137650e-08   4.417883e-10   6.894186e-09   2.837020e-07   5.980687e-08   8.595518e-09   2.067629e-09   4.149627e-11   4.864864e-11   1.240526e-04   5.789292e-11   1.254517e-04   9.942747e-01   4.210529e-11
   1.596829e+33   6.561507e+07   4.707671e-04   6.266627e-06   3.000035e-30   4.914138e-03   1.789352e-07   1.767223e-33   7.854696e-08   4.203164e-10   6.839609e-09   2.958936e-07   6.329874e-08   9.173939e-09   2.241469e-09   4.417433e-11   5.289595e-11   1.062199e-04   6.437519e-11   1.347966e-04   9.943672e-01   4.811282e-11
   1.627629e+33   6.655624e+07   4.560803e-04   6.699263e-06   3.000033e-30   5.101118e-03   1.853228e-07   2.135969e-33   8.247392e-08   4.419160e-10   7.348776e-09   3.257193e-07   7.040894e-08   1.028203e-08   2.536998e-09   4.983299e-11   6.033357e-11   9.295170e-05   7.424568e-11   1.457755e-04   9.941967e-01   5.618550e-11
   1.664571e+33   6.770305e+07   4.287649e-04   6.940435e-06   3.000033e-30   5.156718e-03   1.839322e-07   5.005536e-33   8.302741e-08   4.430709e-10   7.578209e-09   3.470539e-07   7.592381e-08   1.117840e-08   2.792048e-09   5.443301e-11   6.691090e-11   8.360423e-05   8.365092e-11   1.564301e-04   9.941668e-01   6.447989e-11
   1.695458e+33   6.867681e+07   3.516387e-04   7.428195e-06   3.000032e-30   5.098296e-03   1.794785e-07   4.906304e-33   8.438061e-08   4.533371e-10   8.299472e-09   4.106612e-07   9.337313e-08   1.419524e-08   3.691453e-09   7.222366e-11   9.307024e-11   7.425211e-05   1.221943e-10   1.930496e-04   9.942745e-01   9.946285e-11
   1.710901e+33   6.916984e+07   3.349814e-04   8.335043e-06   3.000023e-30   5.374274e-03   1.967782e-07   9.759111e-34   9.470307e-08   5.194852e-10   9.732002e-09   4.927535e-07   1.143512e-07   1.772875e-08   4.701603e-09   9.358218e-11   1.229210e-10   6.862523e-05   1.644507e-10   2.241753e-04   9.939887e-01   1.363820e-10
   1.726344e+33   6.966723e+07   3.203528e-04   9.234261e-06   3.000026e-30   5.621238e-03   2.141396e-07   8.931951e-33   1.052625e-07   5.894455e-10   1.125967e-08   5.810637e-07   1.374079e-07   2.170134e-08   5.860497e-09   1.187635e-10   1.587492e-10   6.522070e-05   2.160662e-10   2.569055e-04   9.937260e-01   1.822331e-10
   1.751229e+33   7.047649e+07   2.589098e-04   9.979751e-06   3.000025e-30   5.539887e-03   2.118930e-07   3.486238e-33   1.089045e-07   6.191616e-10   1.266716e-08   7.060115e-07   1.743262e-07   2.858971e-08   8.076777e-09   1.658532e-10   2.334039e-10   6.115115e-05   3.350385e-10   3.258129e-04   9.938030e-01   2.994885e-10
   1.776114e+33   7.129790e+07   2.150269e-04   1.310264e-05   3.000020e-30   6.093630e-03   2.612500e-07   1.283298e-32   1.436410e-07   8.695841e-10   1.900972e-08   1.132459e-06   2.976506e-07   5.190551e-08   1.559646e-08   3.393410e-10   5.078026e-10   5.623545e-05   7.749089e-10   4.962913e-04   9.931238e-01   7.364084e-10
   1.786562e+33   7.164589e+07   1.479009e-04   1.727933e-05   3.000016e-30   6.350404e-03   3.025111e-07   1.949896e-32   1.835694e-07   1.192723e-09   2.934442e-08   1.982478e-06   5.729112e-07   1.092980e-07   3.617195e-08   8.419944e-10   1.395962e-09   5.286134e-05   2.363964e-09   8.812021e-04   9.925471e-01   2.504075e-09
   1.797010e+33   7.199617e+07   1.188981e-04   2.239970e-05   3.000013e-30   6.844484e-03   3.661050e-07   1.758631e-32   2.387081e-07   1.657675e-09   4.379122e-08   3.179068e-06   9.830053e-07   2.004894e-07   7.098534e-08   1.760738e-09   3.124403e-09   5.096194e-05   5.663271e-09   1.366273e-03   9.915919e-01   6.423660e-09
   1.816533e+33   7.265558e+07   7.039929e-05   3.301173e-05   3.000010e-30   7.232501e-03   4.508606e-07   2.408413e-32   3.379018e-07   2.601940e-09   8.089408e-08   6.978760e-06   2.467048e-06   5.717454e-07   2.319995e-07   6.360730e-09   1.303522e-08   4.839427e-05   2.734631e-08   3.062948e-03   9.895415e-01   3.610368e-08
   1.836056e+33   7.332329e+07   4.580311e-05   5.342510e-05   3.000007e-30   8.255971e-03   6.301021e-07   2.587225e-32   5.426612e-07   4.728755e-09   1.690691e-07   1.681653e-05   6.769979e-06   1.782772e-06   8.238852e-07   2.543202e-08   5.946138e-08   4.494852e-05   1.423697e-07   7.016714e-03   9.845552e-01   2.148318e-07
   1.870856e+33   7.453206e+07   2.384989e-05   8.508328e-05   3.000005e-30   8.789883e-03   7.877814e-07   1.294119e-32   8.052344e-07   7.906184e-09   3.471098e-07   4.298195e-05   2.037882e-05   6.264667e-06   3.420493e-06   1.184761e-07   3.307924e-07   4.008849e-05   9.486463e-07   1.855139e-02   9.724316e-01   1.728052e-06
   1.922236e+33   7.636735e+07   1.283885e-05   1.292037e-04   3.000004e-30   9.263937e-03   9.333868e-07   0.000000e+00   1.115841e-06   1.207486e-08   6.469914e-07   9.934588e-05   5.468366e-05   1.930958e-05   1.227849e-05   4.660866e-07   1.534090e-06   3.363889e-05   5.203485e-06   4.440909e-02   9.459445e-01   1.131059e-05
   1.952630e+33   7.748274e+07   7.618397e-06   1.659953e-04   3.000003e-30   9.192036e-03   9.642585e-07   0.000000e+00   1.291908e-06   1.472968e-08   9.313518e-07   1.717847e-04   1.056069e-04   4.117171e-05   2.934851e-05   1.168346e-06   4.370657e-06   2.834715e-05   1.691394e-05   8.163563e-02   9.085545e-01   4.235552e-05
   1.975957e+33   7.835520e+07   5.839289e-06   1.838001e-04   3.000003e-30   9.050024e-03   9.495938e-07   0.000000e+00   1.341197e-06   1.554239e-08   1.070189e-06   2.172822e-04   1.406350e-04   5.731880e-05   4.310877e-05   1.738771e-06   6.919942e-06   2.540749e-05   2.855516e-05   1.071324e-01   8.830269e-01   7.669026e-05
   1.995944e+33   7.911448e+07   4.608351e-06   1.954776e-04   3.000003e-30   8.783892e-03   9.098544e-07   0.000000e+00   1.340571e-06   1.565813e-08   1.161234e-06   2.565960e-04   1.731886e-04   7.311852e-05   5.747129e-05   2.330590e-06   9.772976e-06   2.317536e-05   4.259052e-05   1.320307e-01   8.582222e-01   1.214751e-04
   2.033171e+33   8.055996e+07   3.541749e-06   2.082166e-04   3.000003e-30   8.485819e-03   8.583394e-07   0.000000e+00   1.323255e-06   1.552418e-08   1.251731e-06   3.046498e-04   2.150589e-04   9.417053e-05   7.758519e-05   3.149210e-06   1.396292e-05   2.017829e-05   6.457702e-05   1.642811e-01   8.260275e-01   1.969850e-04
   2.050411e+33   8.124397e+07   2.849047e-06   2.196989e-04   3.000004e-30   8.261472e-03   8.155449e-07   0.000000e+00   1.304561e-06   1.533097e-08   1.325745e-06   3.500293e-04   2.562432e-04   1.154956e-04   9.883789e-05   4.004954e-06   1.857252e-05   1.702973e-05   9.016807e-05   1.955044e-01   7.947669e-01   2.908138e-04
   2.070448e+33   8.205127e+07   2.485911e-06   2.249050e-04   3.000004e-30   8.086600e-03   7.800025e-07   0.000000e+00   1.274694e-06   1.494177e-08   1.350513e-06   3.756184e-04   2.808422e-04   1.286254e-04   1.125440e-04   4.537666e-06   2.161752e-05   1.545749e-05   1.080856e-04   2.152394e-01   7.750351e-01   3.607688e-04
   2.090485e+33   8.287199e+07   2.089357e-06   2.265098e-04   3.000004e-30   7.767365e-03   7.215611e-07   1.143376e-28   1.208220e-06   1.406540e-08   1.342750e-06   3.985660e-04   3.053802e-04   1.423875e-04   1.278790e-04   5.107475e-06   2.513740e-05   1.439721e-05   1.302821e-04   2.383870e-01   7.520109e-01   4.536770e-04
   2.101606e+33   8.333325e+07   1.750066e-06   2.239260e-04   3.000004e-30   7.370196e-03   6.557694e-07   1.412036e-27   1.123127e-06   1.295825e-08   1.305278e-06   4.131936e-04   3.240060e-04   1.536028e-04   1.414490e-04   5.588330e-06   2.839453e-05   1.365065e-05   1.524643e-04   2.603632e-01   7.302518e-01   5.536786e-04
   2.128243e+33   8.445666e+07   1.517936e-06   2.249425e-04   3.000000e-30   7.133570e-03   6.117736e-07   2.609025e-30   1.068399e-06   1.223251e-08   1.289737e-06   4.311865e-04   3.446648e-04   1.656089e-04   1.556600e-04   6.086679e-06   3.174283e-05   1.269610e-05   1.754446e-04   2.810867e-01   7.095678e-01   6.594034e-04
   2.143759e+33   8.512331e+07   1.270059e-06   2.230664e-04   3.000000e-30   6.792064e-03   5.534162e-07   2.919176e-30   9.887437e-07   1.119038e-08   1.247862e-06   4.462872e-04   3.648858e-04   1.780490e-04   1.714788e-04   6.608811e-06   3.557164e-05   1.184978e-05   2.036677e-04   3.055475e-01   6.852165e-01   7.984423e-04
   2.151517e+33   8.546013e+07   1.146821e-06   2.211007e-04   3.000005e-30   6.589536e-03   5.202267e-07   0.000000e+00   9.411957e-07   1.057358e-08   1.217308e-06   4.524659e-04   3.745684e-04   1.842954e-04   1.799046e-04   6.871061e-06   3.764469e-05   1.144814e-05   2.198677e-04   3.191671e-01   6.716686e-01   8.827716e-04
   2.163155e+33   8.597212e+07   1.395800e-06   2.486108e-04   3.000004e-30   7.443109e-03   6.294641e-07   0.000000e+00   1.123507e-06   1.286465e-08   1.411250e-06   4.938360e-04   4.019029e-04   1.956155e-04   1.871032e-04   7.268446e-06   3.868324e-05   9.040166e-06   2.185175e-04   3.115840e-01   6.783255e-01   8.422780e-04
   2.168973e+33   8.623179e+07   1.992565e-06   2.828860e-04   3.000003e-30   8.869274e-03   8.222779e-07   0.000000e+00   1.418824e-06   1.658939e-08   1.661411e-06   5.203115e-04   4.073346e-04   1.927526e-04   1.764371e-04   6.983328e-06   3.507623e-05   6.114088e-06   1.856808e-04   2.810007e-01   7.076481e-01   6.624650e-04
   2.171883e+33   8.636238e+07   2.157824e-06   2.921954e-04   3.000003e-30   9.249717e-03   8.736598e-07   6.274781e-29   1.496581e-06   1.756983e-08   1.725838e-06   5.278840e-04   4.097070e-04   1.926222e-04   1.745889e-04   6.932139e-06   3.437392e-05   6.121088e-06   1.793603e-04   2.748333e-01   7.134578e-01   6.290846e-04
   2.173337e+33   8.642800e+07   2.572998e-06   3.070607e-04   3.000003e-30   1.000581e-02   9.831641e-07   1.336392e-27   1.653608e-06   1.957454e-08   1.836298e-06   5.312950e-04   4.039272e-04   1.870010e-04   1.656321e-04   6.625857e-06   3.189569e-05   6.267798e-06   1.610228e-04   2.579293e-01   7.297140e-01   5.431331e-04
   2.174065e+33   8.646096e+07   3.169858e-06   3.229880e-04   3.000002e-30   1.092935e-02   1.121875e-06   4.028893e-26   1.844631e-06   2.202753e-08   1.955250e-06   5.292727e-04   3.923113e-04   1.781829e-04   1.534446e-04   6.187611e-06   2.873876e-05   6.428383e-06   1.394311e-04   2.373532e-01   7.495036e-01   4.487539e-04
   2.174549e+33   8.648302e+07   4.172181e-06   3.285776e-04   3.000002e-30   1.196641e-02   1.270393e-06   6.577855e-27   2.013804e-06   2.405615e-08   1.983215e-06   4.921255e-04   3.507408e-04   1.542921e-04   1.273528e-04   5.133417e-06   2.265187e-05   7.163438e-06   1.039351e-04   2.035360e-01   7.825824e-01   3.137200e-04
   2.175214e+33   8.651341e+07   6.049016e-06   3.329851e-04   3.000002e-30   1.344981e-02   1.484151e-06   0.000000e+00   2.234577e-06   2.663198e-08   1.984885e-06   4.378257e-04   2.953677e-04   1.241566e-04   9.657511e-05   3.879942e-06   1.593599e-05   7.874944e-06   6.770299e-05   1.624093e-01   8.225595e-01   1.872898e-04
   2.176479e+33   8.657151e+07   7.406225e-06   3.300029e-04   3.000002e-30   1.421521e-02   1.586854e-06   0.000000e+00   2.316676e-06   2.744922e-08   1.935655e-06   4.007074e-04   2.617415e-04   1.070116e-04   8.040107e-05   3.209438e-06   1.264657e-05   8.265552e-06   5.143918e-05   1.409027e-01   8.434778e-01   1.356297e-04
   2.178166e+33   8.664915e+07   7.750134e-06   3.295639e-04   3.000001e-30   1.440502e-02   1.610076e-06   8.384795e-31   2.334232e-06   2.760321e-08   1.923473e-06   3.928173e-04   2.547062e-04   1.034623e-04   7.712188e-05   3.071553e-06   1.199083e-05   8.342304e-06   4.829758e-05   1.364111e-01   8.478149e-01   1.259906e-04
   2.181540e+33   8.680493e+07   7.999874e-06   3.300404e-04   3.000001e-30   1.456601e-02   1.628239e-06   5.352058e-31   2.349518e-06   2.773592e-08   1.917973e-06   3.883046e-04   2.505094e-04   1.012921e-04   7.509211e-05   2.984211e-06   1.157561e-05   8.379572e-06   4.631398e-05   1.335239e-01   8.505618e-01   1.199393e-04
   2.187444e+33   8.707932e+07   8.941442e-06   3.282315e-04   3.000001e-30   1.503598e-02   1.681752e-06   0.000000e+00   2.384331e-06   2.797681e-08   1.879587e-06   3.682873e-04   2.332328e-04   9.275771e-05   6.741302e-05   2.660413e-06   1.008325e-05   8.538209e-06   3.937798e-05   1.228865e-01   8.608127e-01   9.932291e-05
   2.197935e+33   8.757542e+07   1.977714e-05   2.616481e-04   3.000001e-30   1.691343e-02   1.786172e-06   0.000000e+00   2.170970e-06   2.360936e-08   1.269795e-06   1.944140e-04   1.054709e-04   3.641743e-05   2.250406e-05   8.213478e-07   2.593897e-06   1.003612e-05   8.388886e-06   5.592934e-02   9.264726e-01   1.728568e-05
   2.215280e+33   8.840780e+07   1.747330e-05   2.838550e-04   3.000002e-30   1.712040e-02   1.829318e-06   1.689903e-31   2.290347e-06   2.525142e-08   1.417071e-06   2.273789e-04   1.268825e-04   4.492493e-05   2.857490e-05   1.055223e-06   3.441341e-06   9.500664e-06   1.150288e-05   6.579191e-02   9.163030e-01   2.455541e-05
   2.252291e+33   9.023519e+07   1.223764e-05   3.386319e-04   3.000001e-30   1.710860e-02   1.866302e-06   0.000000e+00   2.523757e-06   2.874056e-08   1.809356e-06   3.299148e-04   1.983712e-04   7.504334e-05   5.156460e-05   1.959454e-06   6.972121e-06   8.289578e-06   2.549633e-05   9.896166e-02   8.828151e-01   5.996401e-05
   2.275806e+33   9.143422e+07   8.669206e-06   3.885679e-04   3.000001e-30   1.682313e-02   1.828848e-06   9.297093e-32   2.646770e-06   3.073370e-08   2.162570e-06   4.470923e-04   2.872602e-04   1.150363e-04   8.470356e-05   3.268189e-06   1.259987e-05   7.090422e-06   5.007728e-05   1.398666e-01   8.417703e-01   1.289860e-04
   2.291606e+33   9.225752e+07   7.054467e-06   4.154139e-04   3.000001e-30   1.653058e-02   1.773267e-06   1.387848e-32   2.664425e-06   3.112859e-08   2.341100e-06   5.222155e-04   3.481233e-04   1.437542e-04   1.100248e-04   4.259186e-06   1.719334e-05   6.392606e-06   7.169589e-05   1.680704e-01   8.135514e-01   1.947231e-04
   2.321033e+33   9.383120e+07   5.640850e-06   4.408347e-04   3.000001e-30   1.611729e-02   1.686626e-06   1.848946e-27   2.632570e-06   3.081095e-08   2.490889e-06   6.043336e-04   4.183646e-04   1.780464e-04   1.417683e-04   5.479957e-06   2.318295e-05   5.672410e-06   1.016798e-04   2.013658e-01   7.802925e-01   2.925962e-04
   2.345101e+33   9.515914e+07   4.379676e-06   4.646905e-04   3.000001e-30   1.554994e-02   1.564920e-06   0.000000e+00   2.543267e-06   2.968022e-08   2.603656e-06   6.952548e-04   5.010250e-04   2.199365e-04   1.826807e-04   7.013510e-06   3.122060e-05   4.915111e-06   1.447427e-04   2.417380e-01   7.400053e-01   4.442153e-04
   2.355541e+33   9.574721e+07   3.740328e-06   4.768646e-04   3.000001e-30   1.515471e-02   1.479869e-06   2.423107e-27   2.463274e-06   2.862584e-08   2.642385e-06   7.493798e-04   5.530141e-04   2.471184e-04   2.104798e-04   8.025819e-06   3.684494e-05   4.477886e-06   1.766874e-04   2.679826e-01   7.138253e-01   5.641218e-04
   2.372981e+33   9.674656e+07   3.298116e-06   4.849642e-04   3.000001e-30   1.482031e-02   1.408161e-06   0.000000e+00   2.387502e-06   2.761530e-08   2.654925e-06   7.901910e-04   5.938768e-04   2.689489e-04   2.335546e-04   8.844636e-06   4.159342e-05   4.153038e-06   2.048187e-04   2.892563e-01   6.926080e-01   6.746710e-04
   2.390420e+33   9.776802e+07   2.820199e-06   4.928096e-04   3.000001e-30   1.437892e-02   1.315549e-06   1.678792e-26   2.280470e-06   2.618581e-08   2.647985e-06   8.370670e-04   6.430449e-04   2.958220e-04   2.629559e-04   9.858293e-06   4.774192e-05   3.781765e-06   2.428583e-04   3.158957e-01   6.660490e-01   8.313054e-04
   2.402639e+33   9.849741e+07   2.470832e-06   4.976424e-04   3.000001e-30   1.398992e-02   1.235845e-06   1.258391e-26   2.181548e-06   2.486743e-08   2.624296e-06   8.730430e-04   6.827799e-04   3.180573e-04   2.881741e-04   1.069917e-05   5.309124e-05   3.493872e-06   2.774744e-04   3.384366e-01   6.435797e-01   9.808147e-04
   2.414858e+33   9.923846e+07   2.209971e-06   5.000379e-04   3.000001e-30   1.364475e-02   1.167753e-06   5.813333e-27   2.092227e-06   2.368476e-08   2.590706e-06   8.997645e-04   7.140340e-04   3.359727e-04   3.092145e-04   1.137806e-05   5.761166e-05   3.274201e-06   3.079543e-04   3.572232e-01   6.248666e-01   1.118162e-03
   2.430705e+33   1.002176e+08   1.942039e-06   5.013306e-04   3.000001e-30   1.323539e-02   1.089374e-06   0.000000e+00   1.984923e-06   2.227303e-08   2.539425e-06   9.270888e-04   7.479325e-04   3.558545e-04   3.333671e-04   1.213044e-05   6.285394e-05   3.039942e-06   3.447524e-04   3.787728e-01   6.034049e-01   1.290974e-03
   2.446552e+33   1.012178e+08   1.675099e-06   5.008500e-04   3.000002e-30   1.275598e-02   1.001228e-06   0.000000e+00   1.858886e-06   2.063035e-08   2.466116e-06   9.532500e-04   7.832193e-04   3.771724e-04   3.603789e-04   1.293450e-05   6.878344e-05   2.798470e-06   3.884318e-04   4.030099e-01   5.792730e-01   1.506279e-03
   2.457724e+33   1.019361e+08   1.477253e-06   4.992307e-04   3.000002e-30   1.234775e-02   9.286591e-07   1.032865e-26   1.751358e-06   1.924158e-08   2.394572e-06   9.717925e-04   8.106235e-04   3.942114e-04   3.828800e-04   1.357198e-05   7.376329e-05   2.611597e-06   4.268978e-04   4.233105e-01   5.590546e-01   1.705011e-03
   2.468896e+33   1.026658e+08   1.332753e-06   4.974949e-04   3.000002e-30   1.201947e-02   8.716033e-07   3.693062e-28   1.664773e-06   1.813165e-08   2.332295e-06   9.852156e-04   8.318886e-04   4.077036e-04   4.012486e-04   1.407189e-05   7.784623e-05   2.466604e-06   4.596160e-04   4.398451e-01   5.425712e-01   1.880395e-03
   2.480690e+33   1.034487e+08   1.191435e-06   4.937861e-04   3.000002e-30   1.164665e-02   8.106480e-07   1.796563e-28   1.569354e-06   1.692422e-08   2.256014e-06   9.951732e-04   8.512052e-04   4.205674e-04   4.197651e-04   1.454657e-05   8.201558e-05   2.330215e-06   4.947499e-04   4.571352e-01   5.253609e-01   2.077305e-03
   2.492484e+33   1.042450e+08   1.063939e-06   4.898749e-04   3.000002e-30   1.128139e-02   7.523069e-07   0.000000e+00   1.476272e-06   1.575598e-08   2.177605e-06   1.003751e-03   8.696443e-04   4.331121e-04   4.383842e-04   1.500295e-05   8.621731e-05   2.198570e-06   5.314568e-04   4.744998e-01   5.080532e-01   2.290447e-03
   2.503862e+33   1.050264e+08   9.518464e-07   4.855293e-04   3.000002e-30   1.092780e-02   6.977313e-07   2.204312e-28   1.387382e-06   1.465133e-08   2.098308e-06   1.010032e-03   8.860357e-04   4.446393e-04   4.562052e-04   1.541590e-05   9.025523e-05   2.079118e-06   5.682312e-04   4.913044e-01   4.912919e-01   2.512350e-03
   2.514722e+33   1.057846e+08   8.479684e-07   4.791394e-04   3.000002e-30   1.054663e-02   6.431061e-07   0.000000e+00   1.295964e-06   1.353293e-08   2.010137e-06   1.011606e-03   8.986439e-04   4.544098e-04   4.727057e-04   1.576284e-05   9.406182e-05   1.973976e-06   6.051728e-04   5.078659e-01   4.748023e-01   2.746800e-03
   2.525582e+33   1.065551e+08   7.538940e-07   4.716150e-04   3.000002e-30   1.015843e-02   5.905010e-07   0.000000e+00   1.206000e-06   1.244696e-08   1.918334e-06   1.009905e-03   9.084622e-04   4.628395e-04   4.881694e-04   1.605701e-05   9.767489e-05   1.878911e-06   6.423192e-04   5.241325e-01   4.586120e-01   2.993671e-03
   2.535924e+33   1.073008e+08   6.715957e-07   4.637856e-04   3.000003e-30   9.785087e-03   5.420257e-07   0.000000e+00   1.121553e-06   1.143929e-08   1.828171e-06   1.006083e-03   9.160876e-04   4.700875e-04   5.024989e-04   1.630210e-05   1.010424e-04   1.793836e-06   6.788353e-04   5.397286e-01   4.430787e-01   3.246961e-03
   2.546265e+33   1.080583e+08   5.976034e-07   4.551812e-04   3.000003e-30   9.411987e-03   4.961607e-07   1.874531e-28   1.040127e-06   1.048060e-08   1.737177e-06   9.996374e-04   9.212745e-04   4.761032e-04   5.157634e-04   1.649869e-05   1.041997e-04   1.716691e-06   7.152351e-04   5.549541e-01   4.279132e-01   3.511223e-03
   2.562096e+33   1.092417e+08   5.123632e-07   4.429565e-04   3.000003e-30   8.928537e-03   4.403889e-07   2.364435e-28   9.390332e-07   9.308750e-09   1.618578e-06   9.876167e-04   9.245457e-04   4.821470e-04   5.314388e-04   1.668437e-05   1.079912e-04   1.626777e-06   7.623851e-04   5.742487e-01   4.086895e-01   3.872334e-03
   2.570012e+33   1.098447e+08   4.491086e-07   4.335430e-04   3.000003e-30   8.545627e-03   3.976017e-07   0.000000e+00   8.603523e-07   8.407543e-09   1.523639e-06   9.780247e-04   9.278605e-04   4.875826e-04   5.454183e-04   1.684292e-05   1.113321e-04   1.551718e-06   8.051204e-04   5.908339e-01   3.920995e-01   4.210442e-03
   2.576938e+33   1.103787e+08   4.111506e-07   4.264549e-04   3.000003e-30   8.287484e-03   3.706730e-07   0.000000e+00   8.098886e-07   7.838172e-09   1.460010e-06   9.692793e-04   9.276735e-04   4.899266e-04   5.534068e-04   1.690189e-05   1.132912e-04   1.508465e-06   8.325015e-04   6.013885e-01   3.815511e-01   4.438845e-03
   2.583864e+33   1.109187e+08   3.765443e-07   4.187380e-04   3.000003e-30   8.028841e-03   3.452112e-07   0.000000e+00   7.614568e-07   7.298487e-09   1.396823e-06   9.586810e-04   9.254694e-04   4.911588e-04   5.601446e-04   1.692148e-05   1.149963e-04   1.470614e-06   8.585053e-04   6.114230e-01   3.715332e-01   4.666033e-03
   2.597716e+33   1.120170e+08   3.283176e-07   4.063260e-04   3.000004e-30   7.634227e-03   3.084845e-07   0.000000e+00   6.905142e-07   6.518517e-09   1.301141e-06   9.403419e-04   9.198911e-04   4.918682e-04   5.693149e-04   1.690661e-05   1.173748e-04   1.417716e-06   8.980274e-04   6.265016e-01   3.564721e-01   5.027975e-03
   2.609589e+33   1.129791e+08   2.811348e-07   3.944733e-04   3.000004e-30   7.231911e-03   2.720159e-07   3.275581e-26   6.193027e-07   5.744623e-09   1.203410e-06   9.228148e-04   9.164652e-04   4.941817e-04   5.816610e-04   1.693323e-05   1.204462e-04   1.356355e-06   9.475831e-04   6.439830e-01   3.388994e-01   5.487441e-03
   2.620024e+33   1.138405e+08   2.410724e-07   3.805447e-04   3.000004e-30   6.825613e-03   2.390838e-07   0.000000e+00   5.532792e-07   5.043406e-09   1.107317e-06   8.995718e-04   9.064681e-04   4.927635e-04   5.894964e-04   1.683107e-05   1.225888e-04   1.310069e-06   9.910972e-04   6.596658e-01   3.231740e-01   5.931735e-03
   2.630459e+33   1.147174e+08   2.075639e-07   3.669134e-04   3.000001e-30   6.445983e-03   2.105696e-07   0.000000e+00   4.950465e-07   4.436079e-09   1.019321e-06   8.757267e-04   8.948664e-04   4.902401e-04   5.957318e-04   1.669022e-05   1.243803e-04   1.270189e-06   1.032477e-03   6.742652e-01   3.085091e-01   6.379536e-03
   2.640893e+33   1.156101e+08   1.777482e-07   3.528408e-04   3.000004e-30   6.069730e-03   1.844001e-07   0.000000e+00   4.406552e-07   3.878887e-09   9.341398e-07   8.502307e-04   8.813332e-04   4.866481e-04   6.009307e-04   1.650850e-05   1.259620e-04   1.233971e-06   1.074429e-03   6.887403e-01   2.939380e-01   6.860174e-03
